6.000000000000000000e+00,0.000000000000000000e+00,1.562981419696414687e+00,0.000000000000000000e+00,1.200000000000000000e+01
6.004643580767702993e+00,1.198186347709732535e+00,1.574804432108122709e+00,4.762534656780672421e-02,1.196405576838778728e+01
5.985724973682335914e+00,2.395244320892621737e+00,1.598365090785307530e+00,4.727537987491074040e-02,1.198064727524301532e+01
5.938619217815398699e+00,3.592694609440977960e+00,1.621864831397892281e+00,4.728807212088621120e-02,1.198743347352130328e+01
5.863335965669441485e+00,4.789027444903538822e+00,1.645441149325326258e+00,4.755754851614497208e-02,1.198710618628662061e+01
5.759811636844977656e+00,5.983051295945970516e+00,1.669144256741795118e+00,4.781291458130500910e-02,1.198352165562813809e+01
5.628005075696979276e+00,7.173900818368921684e+00,1.692923256966661683e+00,4.789284992512169575e-02,1.197947646383305909e+01
5.467979442612269203e+00,8.360902177228586751e+00,1.716668029032098586e+00,4.770578561496106179e-02,1.197588063362554678e+01
5.279963088515353675e+00,9.543451141195687271e+00,1.740225259280232972e+00,4.716563231237114878e-02,1.197271856333842521e+01
5.064402928158239447e+00,1.072099494250855933e+01,1.763393327218409912e+00,4.616350808877430628e-02,1.197004393692860091e+01
4.822020558178404137e+00,1.189307343424031771e+01,1.785912774006629178e+00,4.457413870035830533e-02,1.196802403580895557e+01
4.553875536056036566e+00,1.305935949947075869e+01,1.807461711606062948e+00,4.227006782282454606e-02,1.196672359850634848e+01
4.261431602445009403e+00,1.421969150091371503e+01,1.827656465728925816e+00,3.912961091288062049e-02,1.196603618858877383e+01
3.946622735693070538e+00,1.537410832791566051e+01,1.846047615850951784e+00,3.501025460175245102e-02,1.196572679317035082e+01
3.611939078713639617e+00,1.652289624638352450e+01,1.862078709588530501e+00,2.962408790981296142e-02,1.196548720669252930e+01
3.260612465765727830e+00,1.766666906063567666e+01,1.874935287876714263e+00,2.221914522921390744e-02,1.196496524608723178e+01
2.897076816450750325e+00,1.880653507761845944e+01,1.883200863972634087e+00,1.111763141304381204e-02,1.196376990651384631e+01
2.527850722258919269e+00,1.994439465913966103e+01,1.884547813561194829e+00,-5.684401512395170948e-03,1.196155299866218868e+01
2.162395801116403948e+00,2.108318114621820527e+01,1.876302874422680622e+00,-2.758166586979082097e-02,1.195831572698865131e+01
1.812795513951270143e+00,2.222654864434584354e+01,1.856825834174821388e+00,-5.099134117662133814e-02,1.195448465000031035e+01
1.492069249686175603e+00,2.337784839298906192e+01,1.826442823178416441e+00,-7.153496094089539792e-02,1.194920992614353850e+01
1.217951093702653864e+00,2.454056287695316740e+01,1.771804782018499669e+00,-1.481748992545938171e-01,1.194558940530467339e+01
1.023086175091572958e+00,2.571755294243852319e+01,1.697909093701255978e+00,-1.484866956447535302e-01,1.192008290424932326e+01
9.157807976098559788e-01,2.690363098731709357e+01,1.624168628563903649e+00,-1.480728504372615384e-01,1.190375751792759829e+01
8.959436349658214116e-01,2.809309896899575776e+01,1.550857196820424111e+00,-1.471017554507854652e-01,1.189423917268888786e+01
9.628786658803978327e-01,2.928009962830580903e+01,1.478193671602806791e+00,-1.456837650738725398e-01,1.188872065782176790e+01
1.115302235576859147e+00,3.045874889590316315e+01,1.406321539101952567e+00,-1.440604667000182637e-01,1.188567910921206661e+01
1.351447588377413966e+00,3.162331358524932057e+01,1.335282611448841639e+00,-1.424194132690100312e-01,1.188463424519508749e+01
1.669192010386642444e+00,3.276830050857414278e+01,1.265044028819254152e+00,-1.408793837664011894e-01,1.188540742366730285e+01
2.066144810727351455e+00,3.388845660217499045e+01,1.195535963954758696e+00,-1.394771010035568692e-01,1.188760213446562730e+01
2.539671062602871565e+00,3.497874189634001851e+01,1.126702827950047281e+00,-1.381322805569078493e-01,1.189059919652243380e+01
3.086844231468125699e+00,3.603434399427872137e+01,1.058576994547573813e+00,-1.365900156015064093e-01,1.189377513042144940e+01
3.704309312643486063e+00,3.705079096946508344e+01,9.914219978509187792e-01,-1.341973927350810780e-01,1.189663694650911197e+01
4.387999400844043940e+00,3.802425124092268049e+01,9.259657015002212832e-01,-1.297648334874192400e-01,1.189884490605732026e+01
5.132914980424512663e+00,3.895196957155312134e+01,8.630154263643876611e-01,-1.241603292549180726e-01,1.190055077208463530e+01
5.933791203685968796e+00,3.983197035407440012e+01,8.020550177232292910e-01,-1.218021812678256877e-01,1.190064780143914192e+01
6.786395251223726888e+00,4.066208555175746397e+01,7.421802936364625403e-01,-1.198054241978613876e-01,1.190227652600571773e+01
7.686887918653479979e+00,4.144024752528169842e+01,6.832885086982836143e-01,-1.178414008503555210e-01,1.190387855016955143e+01
8.631399910548358534e+00,4.216461739030490463e+01,6.253633543719422372e-01,-1.159095746069071231e-01,1.190545431164218115e+01
9.616078544114742499e+00,4.283365215493856937e+01,5.683888031506656446e-01,-1.140094176461382003e-01,1.190700424095951604e+01
1.063710613887190171e+01,4.344609042574021629e+01,5.123491031416810282e-01,-1.121404107994802002e-01,1.190852876159951990e+01
1.169071643172423336e+01,4.400093764563384013e+01,4.572287727837220928e-01,-1.103020434093248403e-01,1.191002829009788755e+01
1.277320910981294766e+01,4.449745103335705920e+01,4.030125956934206277e-01,-1.084938131894998825e-01,1.191150323616185602e+01
1.388096255934782697e+01,4.493512437506004886e+01,3.496856156361934920e-01,-1.067152260880326609e-01,1.191295400278215055e+01
1.501764027130773727e+01,4.530405154502637544e+01,2.686166498879142273e-01,-2.172427502146258294e-01,1.199463185678051147e+01
1.619117110711676233e+01,4.556045232687685598e+01,1.630473933190911273e-01,-2.005128275224855872e-01,1.204081642068783253e+01
1.739191676267624231e+01,4.569822927915211608e+01,6.754578296832709772e-02,-1.761743203354783349e-01,1.214085943456567662e+01
1.860801112438807792e+01,4.572727058816525414e+01,-1.857982921781589636e-02,-1.621477453989918216e-01,1.219548368437703800e+01
1.982567107734968559e+01,4.565481332827486938e+01,-9.978772776065801542e-02,-1.563307106475288200e-01,1.220749824036011333e+01
2.103261622217694438e+01,4.548523005286283905e+01,-1.793852072691939636e-01,-1.561937946248569131e-01,1.217495134519809064e+01
2.221880190056871740e+01,4.522093640539004156e+01,-2.592499119648734029e-01,-1.582586865382258623e-01,1.213696226576890247e+01
2.337586039936182658e+01,4.486343534155064816e+01,-3.404498291089749218e-01,-1.624619416174362396e-01,1.209027425594874749e+01
2.449578005579971673e+01,4.441371719172113330e+01,-4.236596706566550519e-01,-1.671714978049261557e-01,1.205352094348428160e+01
2.557118034320480504e+01,4.387260941449569884e+01,-5.091120282995080792e-01,-1.719944840191013624e-01,1.203104372232314923e+01
2.659430860255362106e+01,4.324133877458558572e+01,-5.969678333767286516e-01,-1.769856888174083098e-01,1.202076758552251157e+01
2.755670094858168540e+01,4.252185740433666439e+01,-6.874003595783179099e-01,-1.821821966276555849e-01,1.201950591724281203e+01
2.844922600093406473e+01,4.171707597769972153e+01,-7.805519454247218381e-01,-1.874831842463707543e-01,1.202477770437764271e+01
2.926217910398392519e+01,4.083119087525540891e+01,-8.765199419462328390e-01,-1.929051076780254059e-01,1.203178259699705599e+01
2.998553140138590578e+01,3.986993982280137061e+01,-9.753179113652944432e-01,-1.982062712906541846e-01,1.203828126495426254e+01
3.060944448763739345e+01,3.884068362265254137e+01,-1.076791458183049777e+00,-2.030218461895079429e-01,1.204390760519749470e+01
3.112480323495912060e+01,3.775242520304887961e+01,-1.180595017102883837e+00,-2.069841182113428546e-01,1.204927522680255159e+01
3.152368325774700963e+01,3.661580272809722203e+01,-1.286239050989004040e+00,-2.099224259747191346e-01,1.205355618822486541e+01
3.179973903226455789e+01,3.544301622941468111e+01,-1.393164692069606803e+00,-2.118023358912150822e-01,1.205468979679699792e+01
3.194858595048553340e+01,3.424749235664397418e+01,-1.500756321748835553e+00,-2.124976696827822475e-01,1.205202039074174003e+01
3.196813594009852366e+01,3.304327390744654735e+01,-1.608307035614338520e+00,-2.117747016076741706e-01,1.204713551308343789e+01
3.185876846191255751e+01,3.184438253723520873e+01,-1.715033137978063449e+00,-2.095154341114764673e-01,1.204168541125523184e+01
3.162329017547327936e+01,3.066429893758174785e+01,-1.820148580418732065e+00,-2.057791095713452922e-01,1.203636591914585274e+01
3.126671331182890157e+01,2.951549924628444543e+01,-1.922929225985423152e+00,-2.007113540511025473e-01,1.203155632096934546e+01
3.079589062317837289e+01,2.840902467918385454e+01,-2.022739401487717803e+00,-1.944713133093110835e-01,1.202804454412340185e+01
3.021905932229844183e+01,2.735416298021200632e+01,-2.119045053778454868e+00,-1.872498329415946128e-01,1.202677031989252576e+01
2.954536574880255984e+01,2.635832467595477979e+01,-2.211436294081154941e+00,-1.793080301853662573e-01,1.202804805112729802e+01
2.878443295950132708e+01,2.542710958820415001e+01,-2.299650817326956531e+00,-1.709603601888219637e-01,1.203119940750220884e+01
2.794599762708059032e+01,2.456448420217368422e+01,-2.383576286171722014e+00,-1.625060168721219334e-01,1.203492682063024510e+01
2.703961526557339923e+01,2.377298790985891586e+01,-2.463224828386695542e+00,-1.541690835865745790e-01,1.203797192585910558e+01
2.607442776616645830e+01,2.305392844462939905e+01,-2.538692709566623851e+00,-1.460823285001479344e-01,1.203957941270329179e+01
2.505899197136226064e+01,2.240756292734899446e+01,-2.610123481402787604e+00,-1.383101772709834087e-01,1.203957744656722006e+01
2.400116828330937579e+01,2.183327309715863507e+01,-2.677685129920487128e+00,-1.308834408966523533e-01,1.203822156434536161e+01
2.290806340931934670e+01,2.132973959057846258e+01,-2.741561631195569504e+00,-1.238274796618589746e-01,1.203597102312708778e+01
2.178601714276002710e+01,2.089511436260366750e+01,-2.801954051900120479e+00,-1.171769973459587111e-01,1.203332129286644125e+01
2.064062268016169810e+01,2.052718749293948264e+01,-2.859085953023182469e+00,-1.109813095851537867e-01,1.203069675266850602e+01
1.947677279569375841e+01,2.022354496929829182e+01,-2.913209829418732966e+00,-1.053044677959371067e-01,1.202838533492189832e+01
1.829872521586318612e+01,1.998171452620882604e+01,-2.964612826918230581e+00,-1.002222485066560642e-01,1.202652329405828446e+01
1.711018189002907519e+01,1.979929763739461990e+01,-3.013621191641800756e+00,-9.581938739824258366e-02,1.202509290539119924e+01
1.591437658124374721e+01,1.967408687756914176e+01,-3.060603332705549740e+00,-9.218562312729178254e-02,1.202397377575391779e+01
1.471416664992897161e+01,1.960416883748711570e+01,-3.105971701711951027e+00,-8.941367013368647920e-02,1.202298329127793330e+01
1.351212738374599809e+01,1.958801382501070165e+01,-3.150183825109363678e+00,-8.759690472799303018e-02,1.202193145063808366e+01
1.231064815210091012e+01,1.962455324711537941e+01,-3.193742401737031944e+00,-8.682722435173043096e-02,1.202066366832991839e+01
1.111203221215637349e+01,1.971324488942180153e+01,-3.237194356564009112e+00,-8.719263987150507877e-02,1.201908412097018264e+01
9.918603564537665562e+00,1.985412492474923596e+01,-3.281128664093161618e+00,-8.877467521110726789e-02,1.201715047856045437e+01
8.732823439247249908e+00,2.004784393382131924e+01,-3.326172439470844289e+00,-9.164393598062067769e-02,1.201487540943472432e+01
7.557418380256982537e+00,2.029568241703994858e+01,-3.372984772520989161e+00,-9.585524955675400749e-02,1.201231351715098761e+01
6.395522287346005363e+00,2.059953955999535324e+01,-3.422248061863077950e+00,-1.014422449745347732e-01,1.200953854033472545e+01
5.250831397408433965e+00,2.096188769582347078e+01,-3.474656115803621770e+00,-1.084092954114413143e-01,1.200665129496294448e+01
4.127770899880676581e+00,2.138568258564825442e+01,-3.530898811761617129e+00,-1.167254657184806366e-01,1.200373729369036191e+01
3.031665685481207628e+00,2.187421978682523971e+01,-3.591642564223255452e+00,-1.263133840681947562e-01,1.200091371731436318e+01
1.968904444217395078e+00,2.243092631632988443e+01,-3.657507108428233344e+00,-1.370456827930803811e-01,1.199828741280737354e+01
9.470827271510360301e-01,2.305907981520809713e+01,-3.729040528948050603e+00,-1.487426944331464718e-01,1.199596313875676223e+01
-2.490015064137222900e-02,2.376145484046307033e+01,-3.806693829938724072e+00,-1.611742970367895100e-01,1.199407080089568645e+01
-9.368119695705475758e-01,2.453989917234401830e+01,-3.890797229067429086e+00,-1.740688145577200252e-01,1.199264624731427809e+01
-1.777169336510571851e+00,2.539486432836601537e+01,-3.981531272935064258e+00,-1.870850011009463076e-01,1.199195198983463051e+01
-2.533457844933788117e+00,2.632490135200939108e+01,-4.078887733883094668e+00,-1.998070988190699115e-01,1.199201567566050564e+01
-3.192533360718188273e+00,2.732615825523583553e+01,-4.182614970596898019e+00,-2.117000956370697351e-01,1.199285469103727131e+01
-3.741267415285046027e+00,2.839198092205813495e+01,-4.292164844844009508e+00,-2.221581299015644440e-01,1.199485181949769164e+01
-4.167361230557370178e+00,2.951267447457415827e+01,-4.406709066232894045e+00,-2.307404258102467576e-01,1.199750334034809462e+01
-4.460199214441950666e+00,3.067555156974956176e+01,-4.525262218142055204e+00,-2.373464498673728829e-01,1.200018579792803131e+01
-4.611568878174550967e+00,3.186538130986320638e+01,-4.646864684184568439e+00,-2.422243829819130390e-01,1.200299441541765155e+01
-4.616095990585840525e+00,3.306506971558727059e+01,-4.770657279259585160e+00,-2.455297606224406126e-01,1.200627216025337951e+01
-4.471684302854717075e+00,3.425638820835384735e+01,-4.895395476611202668e+00,-2.456639169727618810e-01,1.201008240923921555e+01
-4.180971192601558251e+00,3.542111143288942543e+01,-5.017771793679044023e+00,-2.364360996470131482e-01,1.201402354220831192e+01
-3.754058387335950986e+00,3.654357022580113323e+01,-5.131963762957653330e+00,-2.143981733574866488e-01,1.201709505914501541e+01
-3.206356358185415090e+00,3.761254348087702226e+01,-5.239486390036505625e+00,-2.108834492040852215e-01,1.201681481227377724e+01
