6.000000000000000000e+00,0.000000000000000000e+00,1.562981419696414687e+00,0.000000000000000000e+00,1.200000000000000000e+01
6.004915252892549127e+00,1.198345866898607115e+00,1.574125161584144506e+00,4.488302990667931980e-02,1.196725120644457618e+01
5.987546872689812005e+00,2.394477455170354041e+00,1.596563774983742690e+00,4.557634587729317288e-02,1.195840432499075945e+01
5.943136121457571086e+00,3.587786822316548552e+00,1.619574038230269908e+00,4.734956282203754696e-02,1.192483231218049156e+01
5.871045101665363752e+00,4.776437869654889923e+00,1.643273988591277268e+00,4.862186823639566557e-02,1.189242871294207404e+01
5.770760963333318116e+00,5.960388578033915863e+00,1.667364089396349502e+00,4.914326083861646211e-02,1.187195191292904894e+01
5.642067383479383302e+00,7.140120762626370521e+00,1.691538660633735258e+00,4.908441563734859681e-02,1.186324266139112282e+01
5.485006705684782879e+00,8.316047321745472232e+00,1.715567856458758200e+00,4.858328082580287699e-02,1.186470755867161486e+01
5.299835198621154930e+00,9.488363900443093968e+00,1.739273211042582590e+00,4.773129347061258465e-02,1.187286277540393442e+01
5.087030158343964992e+00,1.065691942539568871e+01,1.762492157719331765e+00,4.653687816939036659e-02,1.188315865278799777e+01
4.847331850502213157e+00,1.182123943289358259e+01,1.785032710389377275e+00,4.490705362731213512e-02,1.189209059056628703e+01
4.581799000658450360e+00,1.298070946441680462e+01,1.806637687576078788e+00,4.269131720045514500e-02,1.189810476592690947e+01
4.291865291493569323e+00,1.413478882907834411e+01,1.826974811093828643e+00,3.974110814952291904e-02,1.190113508798653896e+01
3.979391680586735980e+00,1.528316259489057316e+01,1.845640657667081852e+00,3.591219226154514221e-02,1.190174873507960740e+01
3.646734503045971465e+00,1.642582671800917282e+01,1.862130049576995239e+00,3.092832168265838635e-02,1.190055535768441075e+01
3.296918505346372097e+00,1.756316202407222349e+01,1.875676123126127859e+00,2.399638843709188049e-02,1.189796984807464142e+01
2.934126455288569524e+00,1.869609510410154485e+01,1.884838141842338111e+00,1.316688226065717421e-02,1.189417499737902162e+01
2.564731426013258542e+00,1.982643621551723712e+01,1.887044155619673091e+00,-4.215722712368791432e-03,1.188921781008036405e+01
2.198423452108989817e+00,2.095720619332816526e+01,1.879172278665286910e+00,-2.774306362475088827e-02,1.188328591679984214e+01
1.847937165739567345e+00,2.209230958628686636e+01,1.859324668428564253e+00,-5.283803007531382573e-02,1.187673914827199795e+01
1.527918834123399572e+00,2.323496837306970164e+01,1.825946742737776907e+00,-8.269385836749133800e-02,1.185688244380163781e+01
1.258179498970575905e+00,2.439111711654274117e+01,1.768495684621892883e+00,-1.496432212779858217e-01,1.189036201653444635e+01
1.067644723548323293e+00,2.556657388217783833e+01,1.694697608678068512e+00,-1.471761387848902480e-01,1.193102199375204719e+01
9.631726148660718634e-01,2.675732698286446265e+01,1.622256428915441751e+00,-1.431782671770581994e-01,1.198075225731312798e+01
9.441789748867830401e-01,2.795708460521858285e+01,1.551217445161408470e+00,-1.405610082299041663e-01,1.202245383750004493e+01
1.010058840552157111e+00,2.915868630325205757e+01,1.480928506471195671e+00,-1.394165866844443713e-01,1.205062805707932938e+01
1.160268921856577595e+00,3.035489633095057371e+01,1.410841363268231063e+00,-1.392651702137906733e-01,1.206639189657127176e+01
1.394134399090013243e+00,3.153870450799365699e+01,1.340635808198949785e+00,-1.396336984891294597e-01,1.207231625528678620e+01
1.710661336266597887e+00,3.270339150274345741e+01,1.270191908860216268e+00,-1.401434155705203188e-01,1.207131750788248681e+01
2.108408922668890906e+00,3.384257784704561800e+01,1.199529520541675387e+00,-1.405598320474896468e-01,1.206624357725916852e+01
2.585435417701874350e+00,3.495025596428059345e+01,1.128745998616242252e+00,-1.407557638589513049e-01,1.205936550200370760e+01
3.139280047119107575e+00,3.602080760952956240e+01,1.058011673967941269e+00,-1.405273093737053058e-01,1.205229639717981627e+01
3.766886483809769537e+00,3.704907500581660429e+01,9.876916736665601881e-01,-1.392823766240000871e-01,1.204601756590943751e+01
4.464373997277725437e+00,3.803059729716284920e+01,9.185404659195305355e-01,-1.360634528878168770e-01,1.204093114068215442e+01
5.226907130799869350e+00,3.896200224590801042e+01,8.513593866937533283e-01,-1.316175323481283688e-01,1.203824709333231979e+01
6.049237012224595311e+00,3.984074619438933240e+01,7.859500169666970848e-01,-1.291371351299997194e-01,1.203608680594506808e+01
6.926654970292521973e+00,4.066430089043993235e+01,7.217140787521998391e-01,-1.270201329147538638e-01,1.203549521896236030e+01
7.854678898356688421e+00,4.143029790453039141e+01,6.585455879107896537e-01,-1.249378356538563689e-01,1.203491333012691555e+01
8.828793711061411642e+00,4.213666690556068062e+01,5.964263919444546813e-01,-1.228896744136291769e-01,1.203434098045270062e+01
9.844504511767411259e+00,4.278169958093727843e+01,5.353386663801487089e-01,-1.208750895871761877e-01,1.203377801356004184e+01
1.089736040061786859e+01,4.336403156664948710e+01,4.752649079384838604e-01,-1.188935307414847320e-01,1.203322427563283270e+01
1.198297564737731946e+01,4.388262369380937855e+01,4.161879278856365216e-01,-1.169444564670341358e-01,1.203267961537655850e+01
1.309704835138159496e+01,4.433674279262212536e+01,3.580908455618690978e-01,-1.150273342298696877e-01,1.203214388397694279e+01
1.423537672038907687e+01,4.472594226742795342e+01,3.009570820803614266e-01,-1.131416402261012644e-01,1.203161693505928653e+01
1.539387310663048680e+01,4.505004263063356973e+01,2.447703541903359925e-01,-1.112868592387880884e-01,1.203109862464848234e+01
1.656857594230357478e+01,4.530911215913370427e+01,1.895146682987203512e-01,-1.094624844971685551e-01,1.203058881112965040e+01
1.775565971850845770e+01,4.550344781427492791e+01,1.351743146448482480e-01,-1.076680175381986293e-01,1.203008735520948491e+01
1.895075250517107435e+01,4.563460355510060396e+01,8.450402482683598560e-02,-9.500328389628709402e-02,1.201784793767958703e+01
2.016090207853653027e+01,4.570472208668846292e+01,2.856864053180715665e-02,-1.266373792067976567e-01,1.222890308104669188e+01
2.138103406120520233e+01,4.569858361965399496e+01,-4.003722269008982981e-02,-1.430226028689357831e-01,1.217883288194903812e+01
2.259215435771231029e+01,4.560258161411115196e+01,-1.209788168423865939e-01,-1.756818539353627306e-01,1.212619028898116724e+01
2.378228524034752667e+01,4.540089421100427813e+01,-2.172527147332893316e-01,-2.044435701008576189e-01,1.202512955633456215e+01
2.493405525040565607e+01,4.508137483106728638e+01,-3.259605213571581950e-01,-2.274412281477994069e-01,1.189201677590907380e+01
2.603086551786530123e+01,4.463827050786894546e+01,-4.431536626510290677e-01,-2.416178154058909178e-01,1.178021945395239456e+01
2.706037688862151569e+01,4.407116389375906351e+01,-5.641252304977123488e-01,-2.449490560558378605e-01,1.174159652124672704e+01
2.801211347624844450e+01,4.338488630459985984e+01,-6.851372681302879686e-01,-2.425740872507453350e-01,1.173997765672296012e+01
2.887522087620660827e+01,4.258894385076207101e+01,-8.042992198036317264e-01,-2.375049933085471021e-01,1.175564824708872180e+01
2.964014161387129320e+01,4.169541799225915213e+01,-9.207356120578151781e-01,-2.311889482940665264e-01,1.178203488302000324e+01
3.030003169460282919e+01,4.071658129610680987e+01,-1.033795351963560760e+00,-2.228073412946412757e-01,1.184051040422253109e+01
3.085056347677252120e+01,3.966421188291052147e+01,-1.143061374561848531e+00,-2.138969913320673266e-01,1.192476583379303889e+01
3.128768409057155964e+01,3.855175811579375988e+01,-1.249243189817778932e+00,-2.082472386661043673e-01,1.199151183444759283e+01
3.160659016930426546e+01,3.739533732985043457e+01,-1.354107928817366746e+00,-2.073487969942638676e-01,1.201123411781060568e+01
3.180277218466547495e+01,3.621159563572717133e+01,-1.459131482525229728e+00,-2.087567236142698068e-01,1.199756309745206906e+01
3.187338630073509194e+01,3.501557194301345532e+01,-1.564592561002821514e+00,-2.096342414171553370e-01,1.197567367220028700e+01
3.181780684969648121e+01,3.382068725579550517e+01,-1.669887503234518178e+00,-2.087712517469952622e-01,1.195891388106377562e+01
3.163766944812702775e+01,3.263966686591268029e+01,-1.774225507702224425e+00,-2.064481801315359577e-01,1.194551386034718377e+01
3.133673854864975539e+01,3.148500022031160839e+01,-1.876982881041611373e+00,-2.031420582978762657e-01,1.192972840837776261e+01
3.092068894140410151e+01,3.036847814377103560e+01,-1.977618945309617127e+00,-1.987895187010168818e-01,1.191072156422244888e+01
3.039678531764752734e+01,2.930035160654139759e+01,-2.075498409455170723e+00,-1.930081749851455808e-01,1.189263825616195192e+01
2.977350325194416669e+01,2.828877847391241573e+01,-2.169888837365405276e+00,-1.856410847597591840e-01,1.187969363032206616e+01
2.906014031889607452e+01,2.733974386199149720e+01,-2.260105745997293969e+00,-1.769265647655801355e-01,1.187328372106695440e+01
2.826643962931904497e+01,2.645727024200773059e+01,-2.345649777282790893e+00,-1.673511950937153492e-01,1.187186221634201999e+01
2.740222611876899350e+01,2.564369828641951798e+01,-2.426249266880831978e+00,-1.573912643317193216e-01,1.187284038861538704e+01
2.647707092288321107e+01,2.489993114862438617e+01,-2.501822022013898472e+00,-1.473942153222887186e-01,1.187392841534427745e+01
2.550001413384671167e+01,2.422564519331097443e+01,-2.572412860153446612e+00,-1.375678641933164581e-01,1.187380350599838863e+01
2.447937401916839306e+01,2.361949554334999490e+01,-2.638145546211156489e+00,-1.280445152955991817e-01,1.187177435545929072e+01
2.342264211242858707e+01,2.307932916973007309e+01,-2.699197434490953729e+00,-1.189158273181230713e-01,1.186764129030982318e+01
2.233643791138458923e+01,2.260239228227639074e+01,-2.755787387244291509e+00,-1.102570792754107160e-01,1.186153081901306905e+01
2.122651147976411679e+01,2.218552890374290243e+01,-2.808171924127422336e+00,-1.021413843808652716e-01,1.185372410925425157e+01
2.009776913566839340e+01,2.182536140567566108e+01,-2.856643050966556796e+00,-9.463353745059234490e-02,1.184483962288209113e+01
1.895432841158444859e+01,2.151845508943199903e+01,-2.901528376485564831e+00,-8.780848712469595252e-02,1.183539303031477630e+01
1.779958884385991169e+01,2.126146582215395497e+01,-2.943191069629163881e+00,-8.173319723083402599e-02,1.182613201173307971e+01
1.663632094592649935e+01,2.105126841391934533e+01,-2.982029766930724080e+00,-7.648560458641824600e-02,1.181747883121066423e+01
1.546678404529058604e+01,2.088507191380401551e+01,-3.018480709126614148e+00,-7.214701143202544020e-02,1.180955961397848242e+01
1.429283880236546089e+01,2.076051417273850674e+01,-3.053017332643191306e+00,-6.879667413073893567e-02,1.180230693903656913e+01
1.311604858016860398e+01,2.067573785260289299e+01,-3.086148621069393361e+00,-6.650977856273602995e-02,1.179557088217003269e+01
1.193778073652377003e+01,2.062945289536749982e+01,-3.118419059725435538e+00,-6.536570084993538476e-02,1.178898407997972342e+01
1.075929534432944124e+01,2.062098884662342968e+01,-3.150407940599464052e+00,-6.543577651631930781e-02,1.178233665405356945e+01
9.581817496157617242e+00,2.065033710728048533e+01,-3.182726749789870357e+00,-6.678605239691971784e-02,1.177555939207903180e+01
8.406621242785796255e+00,2.071818552608819530e+01,-3.216018138286892647e+00,-6.948198720663635586e-02,1.176859176326243528e+01
7.235115897482392811e+00,2.082594502271867043e+01,-3.250952759803801939e+00,-7.357415948938399175e-02,1.176162420645893647e+01
6.068965504292201274e+00,2.097576170500837733e+01,-3.288228468500890234e+00,-7.912416652297048214e-02,1.175442873562194279e+01
4.910201504672353501e+00,2.117051709077281885e+01,-3.328560976308666319e+00,-8.614016869016118128e-02,1.174749344839400678e+01
3.761348491489558743e+00,2.141379702628341875e+01,-3.372670715386715923e+00,-9.462355636372689338e-02,1.174098904049103709e+01
2.625604547173758796e+00,2.170982436949714511e+01,-3.421273046960565445e+00,-1.045390848275822709e-01,1.173510721681972058e+01
1.507032442725733334e+00,2.206334473816040642e+01,-3.475061803185063525e+00,-1.158162150926888428e-01,1.172986333946844084e+01
4.108006225992111848e-01,2.247944019733249377e+01,-3.534696145897116892e+00,-1.283697156638081704e-01,1.172449421997771069e+01
-6.567196342370353879e-01,2.296331901954660992e+01,-3.600751227571808766e+00,-1.419028197532985480e-01,1.172108447573036827e+01
-1.687749852469276890e+00,2.351995188546110782e+01,-3.673705626454311979e+00,-1.562832525297295772e-01,1.171796510387999746e+01
-2.672946119479368221e+00,2.415365945063050646e+01,-3.753915174965759771e+00,-1.711156270684606184e-01,1.171647937232974712e+01
-3.601509268358875193e+00,2.486767116391990129e+01,-3.841537125700022148e+00,-1.859275278650214247e-01,1.171785877378932739e+01
-4.460999019943381327e+00,2.566328435179245560e+01,-3.936510024029105104e+00,-2.003815109754809587e-01,1.171506328178266543e+01
-5.237812401299827059e+00,2.653925617806845594e+01,-4.038427546308632543e+00,-2.135209856516624427e-01,1.171101524947544092e+01
-5.918396360902303144e+00,2.749177288784571260e+01,-4.146494048960217782e+00,-2.246052284999437154e-01,1.171390470890364455e+01
-6.489860698635787628e+00,2.851427048718542423e+01,-4.259768585065035751e+00,-2.336420559508274042e-01,1.172572761561224297e+01
-6.940185140294607535e+00,2.959712762434037714e+01,-4.377435188279964251e+00,-2.411553163537700495e-01,1.174305753023674725e+01
-7.258540837860038231e+00,3.072765729526356893e+01,-4.498933925517215826e+00,-2.477909277230686824e-01,1.176137527786617554e+01
-7.435859538465795282e+00,3.189039849479551947e+01,-4.623597336430631088e+00,-2.526681803734779908e-01,1.177754609706838806e+01
-7.466514956873603559e+00,3.306761488868517063e+01,-4.748825816390454868e+00,-2.493791117151675785e-01,1.179015999298649575e+01
-7.352221636858068621e+00,3.424079798156810028e+01,-4.868621518249736546e+00,-2.313100463220871816e-01,1.179868895603299705e+01
-7.102334175110001979e+00,3.539341393420072990e+01,-4.982822973645263609e+00,-2.275180783495939774e-01,1.180198913708163033e+01
