6.000000000000000000e+00,0.000000000000000000e+00,1.562981419696414687e+00,0.000000000000000000e+00,1.200000000000000000e+01
6.005082843106102963e+00,1.193309805580680338e+00,1.573659148077426906e+00,4.324958162837587439e-02,1.186653348945861097e+01
5.988969112939318329e+00,2.379068215725599345e+00,1.595202037413380847e+00,4.436366381309862772e-02,1.185128301070282930e+01
5.947035041218529550e+00,3.564337384816226084e+00,1.617168791760179358e+00,4.495993501271332987e-02,1.186940866161047481e+01
5.878823326170925512e+00,4.748241651522620010e+00,1.639652837628265969e+00,4.647574877397010057e-02,1.184844450161011409e+01
5.783815903853245288e+00,5.927893790160410958e+00,1.662772868009829264e+00,4.773249150219558562e-02,1.182151933656624010e+01
5.661462088655292213e+00,7.103410527106924555e+00,1.686279648919810636e+00,4.817860189401632770e-02,1.181636869312760396e+01
5.511368032294633679e+00,8.276193030557880803e+00,1.709884324697766189e+00,4.809215684803808816e-02,1.183114227150847952e+01
5.333390625266485330e+00,9.446863623933227316e+00,1.733435867192425039e+00,4.781860534428971493e-02,1.185185085600040367e+01
5.127647400320222815e+00,1.061483839045571287e+01,1.756851881414380312e+00,4.739376777400611945e-02,1.186784221048550236e+01
4.894520190604377596e+00,1.177888632668381597e+01,1.779991424705513969e+00,4.660075666368750785e-02,1.187594671194756302e+01
4.634692826267213128e+00,1.293779354844839524e+01,1.802588638379617691e+00,4.515429411020364242e-02,1.187809491847306376e+01
4.349217340318987546e+00,1.409074855862949427e+01,1.824255671157561043e+00,4.282182923053142604e-02,1.187780292097015788e+01
4.039590915745243649e+00,1.523744938118560377e+01,1.844509239496016306e+00,3.942227561238318551e-02,1.187795033656253096e+01
3.707852693624952511e+00,1.637807131963078078e+01,1.862757500347556272e+00,3.467972166715363458e-02,1.188006155672385589e+01
3.356775073958121247e+00,1.751323633303095662e+01,1.878163038555764830e+00,2.786986608165481841e-02,1.188447545116194703e+01
2.990335846099450468e+00,1.864410614364413377e+01,1.889267623659157458e+00,1.720408430322274695e-02,1.189079583536144114e+01
2.614706964658204846e+00,1.977269299761250210e+01,1.893509013402552288e+00,5.535362112899216286e-06,1.189834122954636797e+01
2.239428805196447936e+00,2.090221738256636996e+01,1.887680300511473286e+00,-2.363409450535348261e-02,1.190639201282439430e+01
1.877295459037719327e+00,2.203679858958287952e+01,1.869732743718560242e+00,-4.905270811033782957e-02,1.191337675836486909e+01
1.541851197464157330e+00,2.318111105892939250e+01,1.840509415591938813e+00,-6.906409791055420633e-02,1.193678278974515550e+01
1.250704869197732272e+00,2.434424398715206550e+01,1.784359372366225438e+00,-1.556796854432054844e-01,1.204676050357341310e+01
1.040583699697988473e+00,2.553306968873288341e+01,1.707760906267705270e+00,-1.480953429620607276e-01,1.210418399533264733e+01
9.198792334856890074e-01,2.673901598728874873e+01,1.633618068727614503e+00,-1.449553554315552439e-01,1.214080821990363646e+01
8.880966581859356390e-01,2.795357815744408114e+01,1.560398135957734356e+00,-1.437930033942597108e-01,1.216417952736462738e+01
9.451174150596611812e-01,2.916860019388904135e+01,1.487408475712998834e+00,-1.437374200780791589e-01,1.216840717628189950e+01
1.090552892442158361e+00,3.037577457083891019e+01,1.414351761213133996e+00,-1.441598597683113603e-01,1.215507277911309458e+01
1.323412603261193699e+00,3.156726852391092564e+01,1.341204816625776397e+00,-1.445254500125867092e-01,1.213104527070701977e+01
1.642034197018515718e+00,3.273605654203105075e+01,1.268096887967820496e+00,-1.446177016324443065e-01,1.210313707293182262e+01
2.044182335762419367e+00,3.387592240555829903e+01,1.195169741795075513e+00,-1.444591786547982926e-01,1.207673061629457578e+01
2.527197281280430197e+00,3.498129132953992837e+01,1.122518607667152057e+00,-1.441117508001915626e-01,1.205444513873410273e+01
3.088057892420112971e+00,3.604701829302923954e+01,1.050245682002820091e+00,-1.434468060758514740e-01,1.203679855178182478e+01
3.723296327627122260e+00,3.706832407573743637e+01,9.786144978791748716e-01,-1.419576679114700757e-01,1.202322699930987326e+01
4.428807857680646443e+00,3.804091785786739166e+01,9.080552791785404532e-01,-1.395131279316053075e-01,1.201244896534721818e+01
5.200000622338700751e+00,3.896130302924351696e+01,8.389391548641739194e-01,-1.364502737412517930e-01,1.200771977406206048e+01
6.032057324563766976e+00,3.982662700723199123e+01,7.712667387464194890e-01,-1.338906512543835969e-01,1.200605993453170584e+01
6.920163690606898399e+00,4.063420323899860875e+01,7.048036213035070441e-01,-1.316957225452952684e-01,1.200596059134265303e+01
7.859528680443596649e+00,4.138153148610776810e+01,6.394431967713881670e-01,-1.295367762740609607e-01,1.200586287673048247e+01
8.845324513757601537e+00,4.206644482391830309e+01,5.751667556973224515e-01,-1.274132225646501526e-01,1.200576676399719034e+01
9.872744280500924674e+00,4.268717162414297661e+01,5.119559261112431869e-01,-1.253244812111312112e-01,1.200567222688248492e+01
1.093702873518291163e+01,4.324231575168881392e+01,4.497926664780344530e-01,-1.232699815191454218e-01,1.200557923955653905e+01
1.203349011556676906e+01,4.373083591963786176e+01,3.886592588412086657e-01,-1.212491621499790784e-01,1.200548777661299127e+01
1.315753311860775021e+01,4.415202448505023369e+01,3.285383021509585277e-01,-1.192614709671925566e-01,1.200539781306196474e+01
1.430467317880123090e+01,4.450548593662656316e+01,2.694127057698746386e-01,-1.173063648857632091e-01,1.200530932432324605e+01
1.547055220285063903e+01,4.479111529524779911e+01,2.112656831499277188e-01,-1.153833097237015604e-01,1.200522228621958831e+01
1.665095192017595238e+01,4.500907662016973632e+01,1.540807456746027815e-01,-1.134917800560998613e-01,1.200513667497008541e+01
1.784180501169220179e+01,4.515978178728492765e+01,9.784169666034625568e-02,-1.116312590715735908e-01,1.200505246718368824e+01
1.903920417988984326e+01,4.524386968142697896e+01,4.253262551174936956e-02,-1.098012384310559364e-01,1.200496963985280985e+01
2.023940932190577513e+01,4.526218592219621684e+01,-1.186209797486478985e-02,-1.080012181289075057e-01,1.200488817034701938e+01
2.143885296431337295e+01,4.521576322221248745e+01,-6.535782916454618841e-02,-1.062307063563024123e-01,1.200480803640689587e+01
2.263414411407663351e+01,4.510580245800983334e+01,-1.179696539983898507e-01,-1.044892193668547908e-01,1.200472921613793531e+01
2.382207067477039075e+01,4.493365451691491330e+01,-1.697123942744375169e-01,-1.027762813444473011e-01,1.200465168800452886e+01
2.502385751977811523e+01,4.470516274412893409e+01,-1.981813670040685760e-01,-9.910933579437486082e-03,1.246251458949001290e+01
2.627727723595013032e+01,4.444597729245889184e+01,-2.126952503233716929e-01,-4.449060500251496297e-02,1.313645156620009402e+01
2.756892057386263062e+01,4.414073426505484576e+01,-2.585406577635816494e-01,-1.214649201652674565e-01,1.341032909532819772e+01
2.881789302814594933e+01,4.374733335113002397e+01,-3.655548373642771298e-01,-2.682013405291531760e-01,1.279154655224618686e+01
2.993556081092016541e+01,4.321135571897981720e+01,-5.400677666303594915e-01,-3.864230151448669881e-01,1.203071171696294961e+01
3.088823661052797576e+01,4.249713989122085422e+01,-7.492427070410700995e-01,-4.141892602138450008e-01,1.182616067639572499e+01
3.167062829537361424e+01,4.159761270401230604e+01,-9.575397836030147269e-01,-3.825232576614143176e-01,1.206053773128297202e+01
3.226922857802593114e+01,4.053979996351473147e+01,-1.150981367645503406e+00,-3.498076573557071245e-01,1.228616999313731917e+01
3.266670493288994948e+01,3.937428845636023311e+01,-1.331234299716438141e+00,-3.284032559521218864e-01,1.237568006893913442e+01
3.285597913187194763e+01,3.815390524633190239e+01,-1.501017884620394760e+00,-3.114864156008953500e-01,1.235348544055939080e+01
3.284325314569583298e+01,3.692073903785986033e+01,-1.658956920779686817e+00,-2.873346163591586344e-01,1.233680833523734144e+01
3.264544110251843989e+01,3.570178013731135991e+01,-1.801439488405824463e+00,-2.552683970978489314e-01,1.238219972909608835e+01
3.228473972294978012e+01,3.451376188286599955e+01,-1.926658716007378036e+00,-2.218714147727005037e-01,1.246540879862791051e+01
3.178483586577522146e+01,3.336876523504392367e+01,-2.035614191532012729e+00,-1.927418680200337908e-01,1.253432474691176246e+01
3.116875397953710092e+01,3.227619075984262054e+01,-2.130735965745338412e+00,-1.690972564811804579e-01,1.256119658622920632e+01
3.045743989963821718e+01,3.124230652169495670e+01,-2.214394019040034411e+00,-1.497792055161326075e-01,1.254500489334646751e+01
2.966869935864862740e+01,3.026948311410022541e+01,-2.288259221097880491e+00,-1.328768424809409765e-01,1.250862190586855327e+01
2.881677435478743732e+01,2.935630310405985099e+01,-2.353401338786704766e+00,-1.174787338175020956e-01,1.247317738012836408e+01
2.791259786442766355e+01,2.849875658080351570e+01,-2.410688118514192180e+00,-1.034345288783087152e-01,1.245348339461357590e+01
2.696448794707957575e+01,2.769173928846636201e+01,-2.461073122621501685e+00,-9.122217738106389029e-02,1.245047131343929969e+01
2.597888364135232564e+01,2.693031050274530358e+01,-2.505689495553349300e+00,-8.121661786374349823e-02,1.246094810667742969e+01
2.496100510449713994e+01,2.621050677723292921e+01,-2.545824394182007566e+00,-7.382852746039274272e-02,1.247419008997328937e+01
2.391528197281030543e+01,2.552977741303427095e+01,-2.582844639718941515e+00,-6.910296349939636096e-02,1.248263001403299377e+01
2.284530458956503551e+01,2.488687691695634641e+01,-2.618043213641442879e+00,-6.676382659315450996e-02,1.248401601690711793e+01
2.175385809653059965e+01,2.428168109154637477e+01,-2.652548866507102421e+00,-6.646445312513717119e-02,1.247732994363814463e+01
2.064286639320842909e+01,2.371489329071512842e+01,-2.687240414904383812e+00,-6.756390020826223697e-02,1.246826682450895341e+01
1.951378924235858392e+01,2.318791883746485993e+01,-2.722787625007606405e+00,-6.989361312885196409e-02,1.245305561835629682e+01
1.836773913602996444e+01,2.270269477940005842e+01,-2.759634230710670710e+00,-7.273822700750449954e-02,1.243909967195906852e+01
1.720544981965387521e+01,2.226131988156610220e+01,-2.797960994618791997e+00,-7.575214355276631284e-02,1.242788638964444026e+01
1.602776531759873535e+01,2.186602503823915455e+01,-2.837804253102404584e+00,-7.871583171516795263e-02,1.241886769160374548e+01
1.483576456823521461e+01,2.151904085677985279e+01,-2.879078120951282571e+00,-8.137431764617737706e-02,1.241242410328800894e+01
1.363067657977676461e+01,2.122239424771953509e+01,-2.921558572669708642e+00,-8.342885597746520221e-02,1.241069349503132635e+01
1.241417562448942569e+01,2.097782708964773946e+01,-2.964967993776938204e+00,-8.499076185502447978e-02,1.240808546427520476e+01
1.118853702958972107e+01,2.078676510985085102e+01,-3.009012869476672236e+00,-8.593689643251625765e-02,1.240274619757019359e+01
9.956293648048799128e+00,2.065012783990600909e+01,-3.053317285995786889e+00,-8.608191629128950084e-02,1.239519684007830413e+01
8.720066372819317735e+00,2.056819274079222026e+01,-3.097443068987713932e+00,-8.536453680898523078e-02,1.238560476920453901e+01
7.482408364430560788e+00,2.054054845650572503e+01,-3.140942238847737489e+00,-8.379136439632942079e-02,1.237568140992338250e+01
6.246463766652216698e+00,2.056616206736525498e+01,-3.183540579218027577e+00,-8.211214717368234273e-02,1.235038760755013065e+01
5.015600160138649954e+00,2.064358414240125583e+01,-3.225117496521574534e+00,-8.021212169308850060e-02,1.231731212169902001e+01
3.792511609794418259e+00,2.077107235319109790e+01,-3.265637413623117880e+00,-7.846215498561161239e-02,1.227866939578976080e+01
2.579262223854054792e+00,2.094688614836035256e+01,-3.305258684413877823e+00,-7.718622417976377104e-02,1.224137291806010275e+01
1.377663509541565690e+00,2.116960381695300342e+01,-3.344488685364432001e+00,-7.741666798716316522e-02,1.220149252761449254e+01
1.900225321523408284e-01,2.143854670715941069e+01,-3.384312664890499533e+00,-8.007745401098241567e-02,1.215434751963230475e+01
-9.833833440672405946e-01,2.175474522977867764e+01,-3.425598633839332940e+00,-8.349824145414110055e-02,1.215262810309106989e+01
-2.142966136435151103e+00,2.212057250534821407e+01,-3.469289679301081897e+00,-8.946393887172228443e-02,1.216770969524598733e+01
-3.287377833295913820e+00,2.253969953396931203e+01,-3.516743262685273930e+00,-9.786951343943660342e-02,1.220952886233686918e+01
-4.409709312334875619e+00,2.301605529393104632e+01,-3.570659463595586391e+00,-1.147141384451254992e-01,1.217819806929186122e+01
-5.488727022382395404e+00,2.355100403936113551e+01,-3.635501470404438162e+00,-1.437140001851275051e-01,1.191294560171299644e+01
-6.499550830325241613e+00,2.414512362270465218e+01,-3.712739257552450933e+00,-1.716089824926794460e-01,1.154277179505082351e+01
-7.430528514482111824e+00,2.480071154172632220e+01,-3.799011294151441565e+00,-1.900115716555935974e-01,1.123721475133300451e+01
-8.280720269918148801e+00,2.552065937087859382e+01,-3.890256261774180047e+00,-2.001134140950094342e-01,1.105190708353483764e+01
-9.051365205012503523e+00,2.630692203538088592e+01,-3.984265681837095840e+00,-2.061464673355777877e-01,1.097530957145381514e+01
-9.741232240624947636e+00,2.715977524692158340e+01,-4.080665518376441092e+00,-2.116172370342969122e-01,1.097196724036607840e+01
-1.034532623275862662e+01,2.807725240364971242e+01,-4.180080629473446940e+00,-2.182135291001088273e-01,1.100700673316015177e+01
-1.085540194168728689e+01,2.905481255976154031e+01,-4.283550767000947168e+00,-2.269423504231095901e-01,1.105550811161715608e+01
-1.126092799170202419e+01,3.008525207852442662e+01,-4.392260770634262457e+00,-2.380176632658344837e-01,1.110269926320273548e+01
-1.155091971184759281e+01,3.115836900285580313e+01,-4.504944778809848671e+00,-2.415270926198355983e-01,1.114125259479835428e+01
-1.171925920759738204e+01,3.226049224512396307e+01,-4.615632769567245219e+00,-2.285036829547212045e-01,1.116824093060620804e+01
-1.176750663000230190e+01,3.337642465690207416e+01,-4.722424288045490748e+00,-2.247577209390699271e-01,1.118187632518643504e+01
