6.000000000000000000e+00,0.000000000000000000e+00,1.562981419696414687e+00,0.000000000000000000e+00,1.200000000000000000e+01
6.004695467605925430e+00,1.196723942350707892e+00,1.574662440082456705e+00,4.713048315887968104e-02,1.193480818448738034e+01
5.986108407993367742e+00,2.389942311869204694e+00,1.598128839667889212e+00,4.769512887992109068e-02,1.193300201915950254e+01
5.939383911060191146e+00,3.582352986343341428e+00,1.621823090546343993e+00,4.805274217590792957e-02,1.193407170116054061e+01
5.864314621107667769e+00,4.773496476495330043e+00,1.645668458216357655e+00,4.829023148550044137e-02,1.193662757755632953e+01
5.760777280704538761e+00,5.962807939011008251e+00,1.669609722912015926e+00,4.841506032407553312e-02,1.194013779791487195e+01
5.628732336123974278e+00,7.149662945691857452e+00,1.693581262703509394e+00,4.838253480083954533e-02,1.194399052948656603e+01
5.468256458721732827e+00,8.333375478447875295e+00,1.717486452547057674e+00,4.811828601124378685e-02,1.194739554885594401e+01
5.279593729262603397e+00,9.513216648788462848e+00,1.741181840724068008e+00,4.751383058968462053e-02,1.194976421566718727e+01
5.063218389226350702e+00,1.068847267295463510e+01,1.764461517631538578e+00,4.642907519339602856e-02,1.195094293470815572e+01
4.819905693188268891e+00,1.185852257387007747e+01,1.787045961898330759e+00,4.470681665402468502e-02,1.195117870942758387e+01
4.550805826368002016e+00,1.302291351496956295e+01,1.808579455317534279e+00,4.219363061410993238e-02,1.195092324159424280e+01
4.257514421071370236e+00,1.418142164452818932e+01,1.828635517694548129e+00,3.875311576140303554e-02,1.195061490147811867e+01
3.942138523301170761e+00,1.533409797219211157e+01,1.846718146116393733e+00,3.423737071025954176e-02,1.195054488612828081e+01
3.607381022520077973e+00,1.648131065637305781e+01,1.862224154983719737e+00,2.835936616714188410e-02,1.195082042487243967e+01
3.256722912538551284e+00,1.762381185555860341e+01,1.874299684923038001e+00,2.039324947065803903e-02,1.195137601729229715e+01
2.894864244474139703e+00,1.876288156822475628e+01,1.881527282524379174e+00,8.788943847048463071e-03,1.195199437035823919e+01
2.528533668249731470e+00,1.990057853391198961e+01,1.881687293987164056e+00,-8.142772764512955924e-03,1.195242044818683169e+01
2.167208913373543044e+00,2.103990812291445422e+01,1.872344877075110769e+00,-2.957242082781180725e-02,1.195270959134710864e+01
1.822714108162352575e+00,2.218446960805759005e+01,1.852103216809697583e+00,-5.210365533237640290e-02,1.195332891613458060e+01
1.507612085746517394e+00,2.333754615189813109e+01,1.821372709712334004e+00,-7.179635036561661521e-02,1.195472363280791583e+01
1.238334095530071011e+00,2.450367338356226554e+01,1.768280225829778063e+00,-1.413401932605191647e-01,1.198438413113627021e+01
1.044889032338170765e+00,2.568631702545593498e+01,1.697570840373798795e+00,-1.414592528531373183e-01,1.198781197323381775e+01
9.355862167253591322e-01,2.687983084213997387e+01,1.626599307185898846e+00,-1.423395649165744015e-01,1.198738705963450712e+01
9.114748825327169124e-01,2.807789606174483765e+01,1.555149352841076249e+00,-1.433929219311106951e-01,1.198386796205648963e+01
9.732195443409185076e-01,2.927415998356966753e+01,1.483228881982762815e+00,-1.443015746189675319e-01,1.197842262177259798e+01
1.120911585465339755e+00,3.046227469308746905e+01,1.410968254055487758e+00,-1.448763616781682528e-01,1.197197109297959017e+01
1.353977358851212731e+00,3.163596269993181309e+01,1.338559219423441249e+00,-1.450431595496516346e-01,1.196535515047563436e+01
1.671165663515683741e+00,3.278910674774906653e+01,1.266200161556824133e+00,-1.448302129813215378e-01,1.195930884651400561e+01
2.070600311963377127e+00,3.391582188254131580e+01,1.194056875994486289e+00,-1.443221783823879223e-01,1.195432741002854726e+01
2.549859238874315981e+00,3.501049676784561626e+01,1.122259268554525846e+00,-1.435670139232831932e-01,1.195061614237775061e+01
3.106018257550906103e+00,3.606783196685346837e+01,1.050971103459762190e+00,-1.423803606997007809e-01,1.194813010767860106e+01
3.735551495518516507e+00,3.708296783780824057e+01,9.806297843563491767e-01,-1.398656978244992577e-01,1.194665085847250552e+01
4.433951230641153707e+00,3.805189142461831864e+01,9.123307344518040152e-01,-1.343146629560341976e-01,1.194585678283335994e+01
5.195393430143871782e+00,3.897205400283672816e+01,8.473031572952540724e-01,-1.268967497068372585e-01,1.194553243144055799e+01
6.013739290288992123e+00,3.984195387772927432e+01,7.847497022075810014e-01,-1.244937423680740618e-01,1.194489205654334185e+01
6.884410265258218864e+00,4.065950856138629632e+01,7.233127844322666533e-01,-1.224528613456465909e-01,1.194579546545246274e+01
7.803321350724410799e+00,4.142259092884721383e+01,6.628885535679833740e-01,-1.204454373891605812e-01,1.194668406437947183e+01
8.766359162776234726e+00,4.212932649375827054e+01,6.034600667174359057e-01,-1.184709220221251413e-01,1.194755809611095998e+01
9.769431590833905332e+00,4.277815890275622479e+01,5.450106778124778062e-01,-1.165287757594674067e-01,1.194841779945339511e+01
1.080848782558973831e+01,4.336783415991209267e+01,4.875240317299938675e-01,-1.146184679601318368e-01,1.194926340929842112e+01
1.188334907372177085e+01,4.389549248576581419e+01,4.225614878366161231e-01,-1.456380783997917316e-01,1.200281215810911561e+01
1.299694603310338081e+01,4.434772300776182163e+01,3.486743320642569088e-01,-1.488211675968999781e-01,1.204104804563944242e+01
1.414280848786051692e+01,4.471649488084292301e+01,2.741404796397428623e-01,-1.477355482155419952e-01,1.203935432151289220e+01
1.531301388373281824e+01,4.499931318218732912e+01,2.002581944705093264e-01,-1.462299787418649133e-01,1.204405351830095938e+01
1.650172738326319077e+01,4.519544088119450720e+01,1.268150508972343826e-01,-1.458015601186434529e-01,1.205705412030877710e+01
1.770322603067820566e+01,4.530386668058046951e+01,5.308057174337679762e-02,-1.469885451334120574e-01,1.207603274101526836e+01
1.891105233038902611e+01,4.532287715017825036e+01,-2.187880256899114167e-02,-1.502047140724376562e-01,1.208914243052551285e+01
2.011790397703781252e+01,4.525014133076425793e+01,-9.890603990122334710e-02,-1.547929191281471051e-01,1.209766698718356892e+01
2.131589797160479804e+01,4.508314721232911637e+01,-1.785749827745090612e-01,-1.603526317932540135e-01,1.210027317466159147e+01
2.249646771038527504e+01,4.481960053833768853e+01,-2.612055271046040961e-01,-1.662845009545592945e-01,1.209918629808550961e+01
2.365047682363031711e+01,4.445783601415851649e+01,-3.468634832187711958e-01,-1.721569800555663166e-01,1.209589789806147664e+01
2.476828418977531854e+01,4.399716943271486969e+01,-4.354219067496336582e-01,-1.776148461110501342e-01,1.209222062006719156e+01
2.583984137284192073e+01,4.343819361501651599e+01,-5.266338577443818725e-01,-1.825315481122709860e-01,1.208795218196329557e+01
2.685488020430869938e+01,4.278295806288929981e+01,-6.201800625261320032e-01,-1.867496979306350890e-01,1.208395183654007710e+01
2.780324329649877768e+01,4.203503155730969354e+01,-7.156785200627096000e-01,-1.901606386088232903e-01,1.208127769532576323e+01
2.867516976035944865e+01,4.119949977273021346e+01,-8.127163169122303410e-01,-1.927278171373277560e-01,1.208079206453395216e+01
2.946153819861886447e+01,4.028289662749015321e+01,-9.108855328496966441e-01,-1.944897068699462939e-01,1.208288781142333335e+01
3.015405865742863512e+01,3.929308878464598820e+01,-1.009815076625530272e+00,-1.955492716169925649e-01,1.208729982259312763e+01
3.074541580235932159e+01,3.823913653141678992e+01,-1.109192909788994319e+00,-1.960522196175600584e-01,1.209303284741159601e+01
3.122938853295887895e+01,3.713112813009752244e+01,-1.208768847596711549e+00,-1.961271677387312617e-01,1.209887299059917254e+01
3.160096741599213033e+01,3.597998007868831394e+01,-1.308336674715471215e+00,-1.958512602243508149e-01,1.210378908912635154e+01
3.185646570533401345e+01,3.479720960717645539e+01,-1.407707045729067463e+00,-1.952382595995715564e-01,1.210720700964606422e+01
3.199361314961632630e+01,3.359468566199691253e+01,-1.506681811150649475e+00,-1.942506645990015601e-01,1.210906579974479413e+01
3.201161763936061533e+01,3.238436677636018857e+01,-1.605037300390381949e+00,-1.928221570161844090e-01,1.210975091007237481e+01
3.191118127099193913e+01,3.117803576298180701e+01,-1.702519370994945103e+00,-1.908839718660642337e-01,1.210993458835482528e+01
3.169446194563512265e+01,2.998704924335355670e+01,-1.798850831275834228e+00,-1.883930593482665283e-01,1.211030413457261190e+01
3.136498024615813662e+01,2.882212203096576530e+01,-1.893748732017449754e+00,-1.853507077999546337e-01,1.211128950245602454e+01
3.092747937100954303e+01,2.769315265024022921e+01,-1.986943860457154543e+00,-1.817979020425849190e-01,1.211299903596395211e+01
3.038774979823079292e+01,2.660908528527553329e+01,-2.078194649037445441e+00,-1.777980617200116409e-01,1.211531576067357108e+01
2.975243183937844904e+01,2.557780696360406480e+01,-2.167293672425320672e+00,-1.734225272371982818e-01,1.211800746709580423e+01
2.902880943649837420e+01,2.460608271664199265e+01,-2.254069115339357054e+00,-1.687428564275494369e-01,1.212079482724580259e+01
2.822460613850186917e+01,2.369952873687135764e+01,-2.338383631401420804e+00,-1.638265043807631827e-01,1.212340768846289762e+01
2.734779039733974670e+01,2.286261942268228964e+01,-2.420131890653157480e+00,-1.587343963254919110e-01,1.212564621204072424e+01
2.640639504924420677e+01,2.209872386517166021e+01,-2.499238048720823890e+00,-1.535218176145016766e-01,1.212742230731115356e+01
2.540835572903678852e+01,2.141016941930254447e+01,-2.575654667680655763e+00,-1.482430083858445879e-01,1.212875515885331978e+01
2.436137299364034448e+01,2.079833074826224504e+01,-2.649364038679740574e+00,-1.429568802496960778e-01,1.212973109760919144e+01
2.327280165273246126e+01,2.026374117190320590e+01,-2.720381621223872504e+00,-1.377309413290175588e-01,1.213045770885051766e+01
2.214956880537089390e+01,1.980622111037843425e+01,-2.788760484875000945e+00,-1.326423739853593575e-01,1.213103386058977762e+01
2.099812056505334468e+01,1.942501744634201444e+01,-2.854595659742177105e+00,-1.277771285889963970e-01,1.213153627344141938e+01
1.982439670734942894e+01,1.911894782452881003e+01,-2.918027791888897049e+00,-1.232282105569359743e-01,1.213201458356716600e+01
1.863383195693737449e+01,1.888654458019411564e+01,-2.979245916553621143e+00,-1.190938145603814557e-01,1.213248895882490785e+01
1.743138196582511057e+01,1.872619371565097879e+01,-3.038489323433911427e+00,-1.154753848685919904e-01,1.213295048655782793e+01
1.622157128734456677e+01,1.863626503831606840e+01,-3.096048475285797963e+00,-1.124754819663346672e-01,1.213336726734044291e+01
1.500856030828997056e+01,1.861523026630952771e+01,-3.152264916586617449e+00,-1.101955048742976340e-01,1.213369502046337800e+01
1.379622827701646948e+01,1.866176649021088352e+01,-3.207530096066713909e+00,-1.087332242941862759e-01,1.213389047282576172e+01
1.258827016209679783e+01,1.877484266290951354e+01,-3.262283018456789918e+00,-1.081802038715193037e-01,1.213392204526677887e+01
1.138830574861454181e+01,1.895378670153022327e+01,-3.317006616070447222e+00,-1.086189725394977046e-01,1.213377622262476407e+01
1.019999975340184584e+01,1.919833032544342899e+01,-3.372222681872211414e+00,-1.101198796760160803e-01,1.213345877358853286e+01
9.027191747741809991e+00,1.950862805324745963e+01,-3.428485175626127202e+00,-1.127375575435357324e-01,1.213299212398836247e+01
7.874034184323402741e+00,1.988524596208434048e+01,-3.486371688073462316e+00,-1.165069405619815757e-01,1.213241057826977709e+01
6.745135716836849760e+00,2.032911501316533176e+01,-3.546472793358561582e+00,-1.214386728933706805e-01,1.213175637613487723e+01
5.645705228068768733e+00,2.084144308374056465e+01,-3.609378947483921518e+00,-1.275138278027991290e-01,1.213107714186899599e+01
4.581689469380434865e+00,2.142357956147938225e+01,-3.675664575868875072e+00,-1.346780623498684271e-01,1.213042459755002511e+01
3.559893719390880840e+00,2.207682702476589753e+01,-3.745869160544886611e+00,-1.428358683905404380e-01,1.212985632979409800e+01
2.588071007225327680e+00,2.280219681565745304e+01,-3.820475798069355111e+00,-1.518470406995096333e-01,1.212943532815578251e+01
1.674961765389269885e+00,2.360011029973098928e+01,-3.899888704410992002e+00,-1.615272804701612663e-01,1.212923296745164237e+01
8.302637881335483971e-01,2.447005518630568588e+01,-3.984411865036380895e+00,-1.716538313404079308e-01,1.212932833413318079e+01
6.451282001350429340e-02,2.541021519716798238e+01,-4.074229999479647368e+00,-1.819711227476742688e-01,1.212980825789417949e+01
-6.111447368642812794e-01,2.641709950887136671e+01,-4.169389110866836390e+00,-1.921861009915177276e-01,1.213077064007088524e+01
-1.185304728133118157e+00,2.748520361590506411e+01,-4.269769802076379683e+00,-2.019483426548238647e-01,1.213230019923010872e+01
-1.646801334232057545e+00,2.860674312304174549e+01,-4.375049914599516754e+00,-2.108329089010086421e-01,1.213446158501620786e+01
-1.985345507462727088e+00,2.977151862266791227e+01,-4.484674447324531243e+00,-2.183893629909750556e-01,1.213723797614405342e+01
-2.192246167762259557e+00,3.096698508345884449e+01,-4.597876292734019543e+00,-2.242874342894405348e-01,1.214049537747707674e+01
-2.261075728991973843e+00,3.217858251095261579e+01,-4.713773985522278664e+00,-2.284556288784034828e-01,1.214411236753430146e+01
-2.188127005476289355e+00,3.339029139965836634e+01,-4.831491724245617903e+00,-2.310154529340047724e-01,1.214796684089203538e+01
-1.972664470922944613e+00,3.458530259334236945e+01,-4.950121351090000843e+00,-2.317471786916273091e-01,1.215187895834564813e+01
-1.617340696891931717e+00,3.574683874226047919e+01,-5.068099309685095477e+00,-2.284227266449443405e-01,1.215559928993710059e+01
-1.129581707448876537e+00,3.685970333664382537e+01,-5.181629419563478223e+00,-2.148452847889010253e-01,1.215870354862206781e+01
-5.235008159629193081e-01,3.791321249285442718e+01,-5.285105418160874535e+00,-1.901911052034397365e-01,1.216029859840909211e+01
1.836454545009709172e-01,3.890175361871443727e+01,-5.381299967088738256e+00,-1.870732182328916360e-01,1.215767075253354079e+01
