6.000000000000000000e+00,0.000000000000000000e+00,1.562981419696414687e+00,0.000000000000000000e+00,1.200000000000000000e+01
6.004935532857111014e+00,1.194109181402603692e+00,1.574037048131584626e+00,4.473924115758607517e-02,1.188251730275223395e+01
5.987979096130419343e+00,2.381702429689422473e+00,1.596127693893008681e+00,4.495896218152452967e-02,1.187225158431119354e+01
5.944746071555652378e+00,3.570294744417264354e+00,1.618117534551621883e+00,4.420615469724490515e-02,1.191579407111911948e+01
5.875329241959678761e+00,4.759345655842118994e+00,1.640177872817711213e+00,4.511679893530892022e-02,1.190619830206124874e+01
5.779624324478773723e+00,5.944008633820926590e+00,1.662749083503689773e+00,4.646844003465835232e-02,1.186475688353737112e+01
5.657298416153245135e+00,7.122499912161259772e+00,1.685759043311127581e+00,4.718507111774433022e-02,1.183222402788653582e+01
5.508042078668950126e+00,8.295750697176748290e+00,1.708907489507262012e+00,4.719925683101942188e-02,1.182243574625497828e+01
5.331730869958618335e+00,9.465045877178898337e+00,1.731970271300459885e+00,4.685172019199913135e-02,1.182834726258362323e+01
5.128471388140203757e+00,1.063075579130814496e+01,1.754841690329001835e+00,4.635829285991917986e-02,1.183812741821667558e+01
4.898602730647160008e+00,1.179231572889865021e+01,1.777439410199168179e+00,4.567665633569548828e-02,1.184410857749148605e+01
4.642708897984223704e+00,1.294873197900015249e+01,1.799609938244922214e+00,4.459772702676944450e-02,1.184418100505683569e+01
4.361662425019613210e+00,1.409907043984587460e+01,1.821085166280075773e+00,4.286519360771039872e-02,1.183973412045502371e+01
4.056697241772848628e+00,1.524273776725975438e+01,1.841474742498721895e+00,4.021945333835186959e-02,1.183326534665016183e+01
3.729517258433252547e+00,1.637958414559333775e+01,1.860245029118456239e+00,3.631482582845110135e-02,1.182689125551253539e+01
3.382496328165254251e+00,1.750993680717759204e+01,1.876602970427717398e+00,3.042322915542336123e-02,1.182180307019499210e+01
3.019140444500898024e+00,1.863469884507595609e+01,1.889134574163717994e+00,2.072993721274455151e-02,1.181829394964092828e+01
2.645098460806567076e+00,1.975565569678187927e+01,1.895233383998916832e+00,4.174531185735244447e-03,1.181605499457192110e+01
2.269485888718345112e+00,2.087587733643164967e+01,1.891463946785666650e+00,-1.957065521175356884e-02,1.181429194708919539e+01
1.904933405518022704e+00,2.199944453124197352e+01,1.875480831515792257e+00,-4.570334605671543676e-02,1.181054053752178135e+01
1.564950125807858194e+00,2.313124853089954769e+01,1.848071945367043556e+00,-6.609859131453635350e-02,1.182550441043544609e+01
1.269046112433819706e+00,2.427942152356597205e+01,1.789157402601155189e+00,-1.721980569669480099e-01,1.189176646097162049e+01
1.060205113543391864e+00,2.545203778421451446e+01,1.705760316989731740e+00,-1.624592242351534099e-01,1.193650255878899102e+01
9.465423009132447607e-01,2.664237544678454483e+01,1.627086009431122360e+00,-1.523626682106603014e-01,1.198470780516175438e+01
9.241079635214278776e-01,2.784313702867787654e+01,1.552480883982872983e+00,-1.451523431241595330e-01,1.204028646568535521e+01
9.897494472851413594e-01,2.904748721724766725e+01,1.480619385129832377e+00,-1.403651992112004976e-01,1.208765911960287198e+01
1.141025956828580989e+00,3.024803211724854890e+01,1.410546671525470419e+00,-1.372530813365200886e-01,1.211805848110283179e+01
1.375642223911816453e+00,3.143734539137075856e+01,1.341688293749757843e+00,-1.351271731916243724e-01,1.213140859697491791e+01
1.691143648950853118e+00,3.260850219188010612e+01,1.273750517827695994e+00,-1.335085955462670948e-01,1.213144678654011699e+01
2.084832704651716551e+00,3.375533726238403176e+01,1.206603649374943243e+00,-1.321204611801244933e-01,1.212364980330197284e+01
2.553797236874719712e+00,3.487247107929787404e+01,1.140196182878530307e+00,-1.308222328639142562e-01,1.211231743917722525e+01
3.094932462952675323e+00,3.595517244474615381e+01,1.074537151250104960e+00,-1.294410895940035777e-01,1.210004331923735066e+01
3.704896785327277176e+00,3.699925252255308550e+01,1.009745609487857410e+00,-1.276753373633558453e-01,1.208814634392193099e+01
4.380041384001360782e+00,3.800102237023033780e+01,9.459499918933103046e-01,-1.257725449328884748e-01,1.207677130456709591e+01
5.116658993435747149e+00,3.895741572483008497e+01,8.832025401631133921e-01,-1.237311427047678158e-01,1.207087446749974191e+01
5.911015719193571272e+00,3.986586025136070788e+01,8.215929387356860625e-01,-1.213800305627598941e-01,1.206817930512614367e+01
6.759179654910316692e+00,4.072402600340942058e+01,7.610947401651945166e-01,-1.193901939961572178e-01,1.206706161159948820e+01
7.657193151408899112e+00,4.152972413491647785e+01,7.016031912459264053e-01,-1.174329777011383080e-01,1.206596224091753200e+01
8.601068557189224251e+00,4.228100840255252280e+01,6.431011515639020182e-01,-1.155078469191523904e-01,1.206488089270577646e+01
9.586833835123952596e+00,4.297624262274523943e+01,5.855717900993521186e-01,-1.136142756581827173e-01,1.206381727151387295e+01
1.061055205369204479e+01,4.361408554040067287e+01,5.289985788452932214e-01,-1.117517465490322215e-01,1.206277108673495846e+01
1.166833875986083946e+01,4.419347520674872243e+01,4.733652865931496923e-01,-1.099197507039661736e-01,1.206174205252618137e+01
1.275637733580391853e+01,4.471361304901917322e+01,4.186559728795938295e-01,-1.081177875776715980e-01,1.206072988773066612e+01
1.387093244764840172e+01,4.517394779373680791e+01,3.648549820890400475e-01,-1.063453648304966692e-01,1.205973431580065025e+01
1.500836169837186951e+01,4.557415938574637693e+01,3.119469377064627014e-01,-1.046019981939310950e-01,1.205875506472195369e+01
1.616512559909687141e+01,4.591414302669287650e+01,2.599167367154426311e-01,-1.028872113382929276e-01,1.205779186693962046e+01
1.733779597361887781e+01,4.619399343961478621e+01,2.087495441365611881e-01,-1.012005357425832253e-01,1.205684445928487492e+01
1.852306291028740404e+01,4.641398945056081971e+01,1.584307877014700661e-01,-9.954151056647525531e-02,1.205591258290316148e+01
1.971774037355377374e+01,4.657457896369665207e+01,1.089461526581615020e-01,-9.790968252440188091e-02,1.205499598318344567e+01
2.091877058479501272e+01,4.667636439319705488e+01,6.028157670315105465e-02,-9.630460576170671305e-02,1.205409440968863422e+01
2.212322727859338301e+01,4.672008860327608204e+01,1.242324503646310280e-02,-9.472584173282627695e-02,1.205320761608718527e+01
2.332831793664809439e+01,4.670662139694207582e+01,-3.464241446452050177e-02,-9.317295908146849825e-02,1.205233536008574902e+01
2.454550251749087408e+01,4.662587718405108461e+01,-1.058107993230244931e-01,-1.859072151729794786e-01,1.235004877136380230e+01
2.581500632266546447e+01,4.642052666249842474e+01,-2.192692551874361739e-01,-2.326837004882305326e-01,1.338386951025825766e+01
2.714848838300536826e+01,4.603627191199412039e+01,-3.351247908482216098e-01,-1.653351293608161521e-01,1.438649995837237228e+01
2.847025400800474060e+01,4.548997164017632855e+01,-4.561302228270884829e-01,-2.371529005984347460e-01,1.423524340156128432e+01
2.965753183384246583e+01,4.478429857395950364e+01,-6.276130027493429520e-01,-3.448193055636734616e-01,1.342186475904413356e+01
3.063806884191637891e+01,4.390799433820657072e+01,-8.347587951076211876e-01,-3.805944099982834228e-01,1.292625702529538501e+01
3.140127971030533516e+01,4.286571854919547775e+01,-1.039462547697385997e+00,-3.486103450241219148e-01,1.295554955226120342e+01
3.195249604971993307e+01,4.168719995249243482e+01,-1.222906454438227097e+00,-3.063911889245414244e-01,1.310208774871864534e+01
3.229580328809095846e+01,4.042118675284924478e+01,-1.386097601495252851e+00,-2.762519637986056154e-01,1.316175372257250942e+01
3.243865801277741667e+01,3.911881543528318872e+01,-1.535401846682556748e+00,-2.599323555648448414e-01,1.306625482154068862e+01
3.239363765325082056e+01,3.782115170562077822e+01,-1.674010556223709090e+00,-2.438540357839019679e-01,1.292343598577755870e+01
3.217909776230656860e+01,3.655175300082423462e+01,-1.800234068295837986e+00,-2.204255956887504753e-01,1.284168061515168091e+01
3.181638143509612249e+01,3.532033626935501047e+01,-1.911648810608769233e+00,-1.922229962554575233e-01,1.284611045885546687e+01
3.132689079036363822e+01,3.413054508227538975e+01,-2.008102525653237436e+00,-1.655753095759690818e-01,1.289481731661276598e+01
3.073049083256144698e+01,3.298518294765881365e+01,-2.091692555993979852e+00,-1.442263438266442044e-01,1.293941509303085979e+01
3.004486488964474944e+01,3.188782760928147297e+01,-2.165419617672231123e+00,-1.289751297062264046e-01,1.294517821855864881e+01
2.928502127023276813e+01,3.084212341361478593e+01,-2.231939224091616047e+00,-1.180594423872058651e-01,1.291193622619107018e+01
2.846311613015480901e+01,2.985040688243886464e+01,-2.292966147184406278e+00,-1.095646785194669404e-01,1.285272777078927220e+01
2.758864170774297619e+01,2.891306277662880220e+01,-2.349368671690437171e+00,-1.019443082377100296e-01,1.278907598339542417e+01
2.666888851426866935e+01,2.802864261566340076e+01,-2.401539506357518672e+00,-9.470977078189839193e-02,1.273357540403588217e+01
2.570941591470712595e+01,2.719449034841301938e+01,-2.449745750412825718e+00,-8.774591660667468984e-02,1.269641290737706640e+01
2.471465104570818028e+01,2.640756783840533828e+01,-2.494358574828358766e+00,-8.157627921320109721e-02,1.267342009487463272e+01
2.368851345691167154e+01,2.566533706461216013e+01,-2.535976504618706162e+00,-7.667278024826340577e-02,1.265716541814170526e+01
2.263449489966704675e+01,2.496603795799292769e+01,-2.575350221517505922e+00,-7.325848194162326577e-02,1.264248742480495835e+01
2.155574289211966033e+01,2.430882473943579214e+01,-2.613320518261219139e+00,-7.154439576639823328e-02,1.262272052839482228e+01
2.045481025608351899e+01,2.369362956763762895e+01,-2.650696900268690204e+00,-7.123026786258790377e-02,1.260189398603473165e+01
1.933400339934355117e+01,2.312124515117173473e+01,-2.688288505646498905e+00,-7.266601182751442067e-02,1.256966502503108529e+01
1.819539015949358784e+01,2.259333432010689435e+01,-2.726843523337321606e+00,-7.531064109934126893e-02,1.253272602650704215e+01
1.704044947909744323e+01,2.211198946435394674e+01,-2.766889196831594511e+00,-7.883093917805261697e-02,1.249358084785138701e+01
1.587052594832327301e+01,2.167971691618171803e+01,-2.808794967513639662e+00,-8.295463862589175230e-02,1.245282809300600135e+01
1.468696692240530588e+01,2.129927811604208898e+01,-2.852752256557385291e+00,-8.726010684756332902e-02,1.241316913840429237e+01
1.349089909116088748e+01,2.097335443155042967e+01,-2.898689445646382978e+00,-9.108217159222462000e-02,1.238259494365222579e+01
1.228360517350593106e+01,2.070438621847795346e+01,-2.946369686482047001e+00,-9.440220200817672769e-02,1.235759407957154821e+01
1.106695197079107196e+01,2.049457276562403507e+01,-2.995498867063706161e+00,-9.703436997093631278e-02,1.233712868888056136e+01
9.843082872502272096e+00,2.034565455851058857e+01,-3.045661295472019248e+00,-9.867213339861130583e-02,1.232337396373671723e+01
8.614170861132294021e+00,2.025872165406075354e+01,-3.096315287937171590e+00,-9.908461606385080001e-02,1.231892003490673559e+01
7.382073544132778053e+00,2.023410626276724500e+01,-3.146832455160981645e+00,-9.808437663730648626e-02,1.233056455297741039e+01
6.149528356682524510e+00,2.027141454682265831e+01,-3.196748047457069752e+00,-9.663161359208449763e-02,1.233419007528296518e+01
4.920212383453825389e+00,2.036965529998452595e+01,-3.245745515954702398e+00,-9.450608190969939093e-02,1.233298094787534538e+01
3.697495722323206113e+00,2.052717683642674373e+01,-3.293440810869073587e+00,-9.164427365695412830e-02,1.232578806575884300e+01
2.484001712165931242e+00,2.074164206589733794e+01,-3.339209511278177889e+00,-8.710397986888529509e-02,1.232236134624824331e+01
1.281583427423043098e+00,2.100991076601203034e+01,-3.382602515790398279e+00,-8.245675348139197558e-02,1.231919720723355027e+01
9.230986905058070902e-02,2.132877730679796358e+01,-3.424358746467644377e+00,-8.083093621899578585e-02,1.230816779812983697e+01
-1.085869268824821043e+00,2.169786136351214978e+01,-3.466083737179807223e+00,-8.189240674460313008e-02,1.238636839012241353e+01
-2.259065259047110530e+00,2.212056701272031489e+01,-3.508870779793296535e+00,-8.330146563634280299e-02,1.255601453356418418e+01
-3.435728071584903898e+00,2.260208185170687401e+01,-3.550334153773205159e+00,-7.379252564159616279e-02,1.287328780341268342e+01
-4.622082545073791238e+00,2.314386789896991914e+01,-3.589320909696742667e+00,-7.022768300096007832e-02,1.321260512723486258e+01
-5.802149599347498743e+00,2.374241183601477445e+01,-3.635049815058869260e+00,-9.613568794219821967e-02,1.325336337524503350e+01
-6.940357276663573494e+00,2.439881991177498222e+01,-3.697781313922126500e+00,-1.333059955283528164e-01,1.302937155116601176e+01
-8.006465602194634101e+00,2.512018201354917935e+01,-3.778070148207942403e+00,-1.654891625012883671e-01,1.272206431308252661e+01
-8.982703229921508381e+00,2.591312069084131764e+01,-3.871591669540795255e+00,-1.895372803571888087e-01,1.244096617498270874e+01
-9.858787427532726966e+00,2.678064681799651936e+01,-3.974041339640284498e+00,-2.060973693110846328e-01,1.222849241689442579e+01
-1.062727445431816520e+01,2.772195718231128936e+01,-4.082434827601161054e+00,-2.177306258745926315e-01,1.208680452292432861e+01
-1.128081790313668265e+01,2.873285695363222203e+01,-4.195361103292825078e+00,-2.272782462189960051e-01,1.200118650364740347e+01
-1.181091788434866174e+01,2.980617607022448468e+01,-4.312807025298907249e+00,-2.373846063180787835e-01,1.195434136908553313e+01
-1.220745984615720303e+01,3.093193945155646318e+01,-4.435665502206802557e+00,-2.492269773507416741e-01,1.193190608990142110e+01
-1.246009561640884655e+01,3.209684161515274070e+01,-4.562233170669468763e+00,-2.520973651018382222e-01,1.192366038318557742e+01
-1.256449227505817667e+01,3.328382662282827908e+01,-4.685888218733927246e+00,-2.383222993923614641e-01,1.192287147561539129e+01
-1.252495925296859802e+01,3.447481736204552760e+01,-4.804911652359614926e+00,-2.344153764515030935e-01,1.192413587765447858e+01
