6.000000000000000000e+00,0.000000000000000000e+00,1.562981419696414687e+00,0.000000000000000000e+00,1.200000000000000000e+01
6.004695034072527804e+00,1.196681450055303131e+00,1.574663178993944701e+00,4.713569439625683866e-02,1.193395832387093947e+01
5.986114104544791203e+00,2.389738514822694615e+00,1.598118555179385059e+00,4.765825222644549941e-02,1.193062367804380841e+01
5.939423920358946063e+00,3.581774087585416044e+00,1.621807230830582647e+00,4.809727790862257379e-02,1.192892645556533893e+01
5.864402066872563601e+00,4.772278424884555115e+00,1.645677571245501625e+00,4.839817507832001875e-02,1.192895628528309260e+01
5.760905641690961865e+00,5.960718541053345199e+00,1.669661018136952446e+00,4.854790141017958915e-02,1.193037846145121250e+01
5.628891592450062653e+00,7.146505940517902999e+00,1.693676058261086581e+00,4.851144671967497213e-02,1.193246196042559149e+01
5.468446986173661095e+00,8.328990306011306188e+00,1.717614051171075351e+00,4.822031631071359292e-02,1.193450054535735205e+01
5.279833960566478801e+00,9.507492083611149170e+00,1.741322859536701406e+00,4.757237235861855318e-02,1.193605067923882146e+01
5.063547229509059555e+00,1.068135728347107616e+01,1.764592518479104921e+00,4.643887289908604082e-02,1.193697802237901939e+01
4.820380370746382148e+00,1.185001970907567248e+01,1.787145994031998253e+00,4.467791768746364606e-02,1.193737967271714595e+01
4.551494947885223574e+00,1.301306131693275603e+01,1.808637679770901174e+00,4.215294469690448326e-02,1.193746068259385495e+01
4.258484761719586231e+00,1.417026627049697218e+01,1.828659447452781306e+00,3.874565108673414665e-02,1.193742891331446998e+01
3.943432801112042974e+00,1.532166803559935708e+01,1.846742784271708349e+00,3.432803144513191934e-02,1.193743321639646737e+01
3.608984372415601882e+00,1.646759591762585373e+01,1.862320614715145428e+00,2.862793324396845779e-02,1.193753522658851196e+01
3.258521445891285673e+00,1.760874621765510994e+01,1.874575385754410739e+00,2.090387610291379733e-02,1.193769154558997059e+01
2.896613138884161831e+00,1.874633400918914816e+01,1.882101852702453337e+00,9.520325039500962885e-03,1.193773847156298018e+01
2.529868240087890463e+00,1.988236341333450596e+01,1.882635411083488419e+00,-7.363429719300368728e-03,1.193747712872218969e+01
2.167719862098588468e+00,2.101982363138806775e+01,1.873646510175545066e+00,-2.897172393088507866e-02,1.193700310767984263e+01
1.822041324874522861e+00,2.216234499977704431e+01,1.853667871879862705e+00,-5.175311045845729097e-02,1.193680156246135482e+01
1.505465764934309281e+00,2.331326532486241732e+01,1.823139090216221003e+00,-7.150969027029840941e-02,1.193744008836904058e+01
1.234659911518791731e+00,2.447713705864851264e+01,1.769658227306626364e+00,-1.434992973362222424e-01,1.196466109388913779e+01
1.040433189090028465e+00,2.565780106453721032e+01,1.698042918037154569e+00,-1.433041442783552499e-01,1.197111606701661657e+01
9.311322644333175358e-01,2.684985174226505222e+01,1.626409104341739020e+00,-1.434498777911982215e-01,1.197502694973350756e+01
9.074866619829755621e-01,2.804690342678555126e+01,1.554665056434003878e+00,-1.436838323458669020e-01,1.197581338351979596e+01
9.697714218854495138e-01,2.924251793937800059e+01,1.482817159566144571e+00,-1.438713455686052023e-01,1.197405272949144717e+01
1.117726816631121611e+00,3.043031873940523724e+01,1.410922196488413327e+00,-1.439301296025357613e-01,1.197070742629544426e+01
1.350538795786205837e+00,3.160406709196378472e+01,1.339065446053402164e+00,-1.438071946477225693e-01,1.196673510992474476e+01
1.666847132620498551e+00,3.275771311988725643e+01,1.267343981007393205e+00,-1.434887223922081678e-01,1.196285892273306217e+01
2.064771449071103770e+00,3.388543064990404474e+01,1.195854305692935382e+00,-1.429766274442192397e-01,1.195951401465340780e+01
2.541937865419081177e+00,3.498164922274234101e+01,1.124704679759251702e+00,-1.422147176939669300e-01,1.195689118949922403e+01
3.095463345550097500e+00,3.604111275638611289e+01,1.054094283743861604e+00,-1.408966710971081837e-01,1.195500754954194988e+01
3.721792912060485570e+00,3.705905619128349571e+01,9.845771756991310575e-01,-1.379240409940465373e-01,1.195376062358115377e+01
4.416230849740292896e+00,3.803170565922017943e+01,9.175028624758421181e-01,-1.312411049682257191e-01,1.195294692071002629e+01
5.172534929382345048e+00,3.895701144810213634e+01,8.543719977300334723e-01,-1.222871458201723049e-01,1.195237577863409939e+01
5.984187019061104174e+00,3.983410389288341946e+01,7.940823478722963680e-01,-1.199597057582396931e-01,1.195162321771731584e+01
6.846759559700442921e+00,4.066118252698266389e+01,7.348715365895064355e-01,-1.179931532048259235e-01,1.195241627972195175e+01
7.756448968324677118e+00,4.143626784341274316e+01,6.766365565283321004e-01,-1.160588392178616146e-01,1.195319634071011095e+01
8.719767651851137558e+00,4.216202019195772266e+01,6.128707151518669738e-01,-1.375985258038416870e-01,1.217307686101977637e+01
9.743692379362279610e+00,4.283010940796155097e+01,5.436927996804550300e-01,-1.337419037473860373e-01,1.228391644203454192e+01
1.081420899679584835e+01,4.342753029067492321e+01,4.738473969840392708e-01,-1.394455635441590458e-01,1.223977565958590574e+01
1.192074883349571834e+01,4.394565481040891797e+01,4.015989013160290999e-01,-1.439488267706242330e-01,1.220226182420069350e+01
1.306071334170983356e+01,4.438106082202751423e+01,3.280040619674216562e-01,-1.450114936069304139e-01,1.220896314994994114e+01
1.423089459273981738e+01,4.473146645454552583e+01,2.538082792868582294e-01,-1.459841626050577823e-01,1.222701821483856577e+01
1.542545126585014437e+01,4.499404328164504108e+01,1.787650709780036207e-01,-1.479168744750246900e-01,1.224022071723816651e+01
1.663747361937902269e+01,4.516574776769184041e+01,1.024682261175270115e-01,-1.505671329168030981e-01,1.224820712526857136e+01
1.785980399359176118e+01,4.524371227624715885e+01,2.466941776399391578e-02,-1.535317438220273056e-01,1.225425731957948727e+01
1.908498408736056717e+01,4.522544788639115154e+01,-5.475707193651885296e-02,-1.567004259484682527e-01,1.225851005814040207e+01
2.030504088571206722e+01,4.510896988301284694e+01,-1.358931512027982402e-01,-1.600225517204577896e-01,1.226029930601449536e+01
2.151149705914753696e+01,4.489293333109046102e+01,-2.187784887561562142e-01,-1.633970705590308825e-01,1.225964036018022441e+01
2.269550963496271123e+01,4.457676710376281903e+01,-3.033880834379336644e-01,-1.666655245273889474e-01,1.225764447165792959e+01
2.384801508311158003e+01,4.416079561572445300e+01,-3.896303211726489524e-01,-1.697039173187022409e-01,1.225547005476868279e+01
2.495983813385206318e+01,4.364633399615816245e+01,-4.773694187380589371e-01,-1.724414283909230516e-01,1.225399280412472081e+01
2.602179512755325774e+01,4.303575050865811846e+01,-5.664511639280865873e-01,-1.748615437536368000e-01,1.225361880256719260e+01
2.702480153092644244e+01,4.233249693025050675e+01,-6.567227162128713713e-01,-1.769799642006363583e-01,1.225439520444468400e+01
2.795998963832736095e+01,4.154111160468003305e+01,-7.480427380984383534e-01,-1.788275663277054950e-01,1.225610040658181177e+01
2.881883620414376423e+01,4.066719917948012153e+01,-8.402828077687721775e-01,-1.804306170253790753e-01,1.225842821635318813e+01
2.959329863550326323e+01,3.971739054774226219e+01,-9.333228694655759661e-01,-1.818043794104744759e-01,1.226105311915976870e+01
3.027595467464356815e+01,3.869928505262795682e+01,-1.027044437928554155e+00,-1.829490563502868816e-01,1.226369674587604308e+01
3.086014403400501394e+01,3.762137192135488561e+01,-1.121322916679830195e+00,-1.838486254463757852e-01,1.226618565476173472e+01
3.134010717869113805e+01,3.649292861655537479e+01,-1.216020801359923409e+00,-1.844741866883541637e-01,1.226846885214711236e+01
3.171111350506113524e+01,3.532389615617425704e+01,-1.310983554242413085e+00,-1.847908108017386752e-01,1.227059026982096057e+01
3.196957071385950400e+01,3.412473306067044376e+01,-1.406038900135394565e+00,-1.847646621876604944e-01,1.227264357319808141e+01
3.211310825328766327e+01,3.290625122569365857e+01,-1.500999239087334347e+00,-1.843690721800624599e-01,1.227472031266823294e+01
3.214062946869442072e+01,3.167943845579367590e+01,-1.595666185847727458e+00,-1.835877773006549252e-01,1.227687494800881396e+01
3.205232938128731490e+01,3.045527306552314784e+01,-1.689835900561970083e+00,-1.824153284667503205e-01,1.227911420037494139e+01
3.184967704142622225e+01,2.924453679345865353e+01,-1.783304166947400349e+00,-1.808557268035362042e-01,1.228140592031938638e+01
3.153536322230940669e+01,2.805763306453274097e+01,-1.875870746811695744e+00,-1.789206529391406397e-01,1.228369576982093747e+01
3.111321592249970891e+01,2.690441798749367308e+01,-1.967343037831322139e+00,-1.766281339442914711e-01,1.228592249303251549e+01
3.058808768877360862e+01,2.579405096278121690e+01,-2.057539263173927324e+00,-1.740017461124037379e-01,1.228802966615302239e+01
2.996572001387999151e+01,2.473487051393948732e+01,-2.146291396131778662e+00,-1.710701779062730743e-01,1.228997513714688949e+01
2.925259100771129894e+01,2.373429952356544348e+01,-2.233447990477479994e+00,-1.678672171638450339e-01,1.229173616035876648e+01
2.845575317400095017e+01,2.279878260733946149e+01,-2.318877068147130682e+00,-1.644320529608291614e-01,1.229330977651278900e+01
2.758266834978626392e+01,2.193375670337600170e+01,-2.402469124554980517e+00,-1.608096184411172136e-01,1.229471035008400648e+01
2.664104670587622792e+01,2.114365427265490993e+01,-2.484140218111766441e+00,-1.570508339876588166e-01,1.229596508349042594e+01
2.563869626376213517e+01,2.043193703067028011e+01,-2.563835075249905504e+00,-1.532127322712885931e-01,1.229710682659430887e+01
2.458338862964698990e+01,1.980115683655528969e+01,-2.641530117056635429e+00,-1.493583627150653903e-01,1.229816485045381924e+01
2.348274549218516682e+01,1.925303920415264969e+01,-2.717236257208690109e+00,-1.455562939030113079e-01,1.229915659599900835e+01
2.234414895142240809e+01,1.878858401094822028e+01,-2.791001276567666611e+00,-1.418796389059361618e-01,1.230008370531978912e+01
2.117467720762159544e+01,1.840817757147532063e+01,-2.862911607713376938e+00,-1.384047417386093659e-01,1.230093344811692901e+01
1.998106581186988251e+01,1.811171036365137255e+01,-2.933093457442577101e+00,-1.352097754423422227e-01,1.230168418752118953e+01
1.876969369344512373e+01,1.789869520521153490e+01,-3.001713294658140629e+00,-1.323734506146811152e-01,1.230231238237906410e+01
1.754659252468774966e+01,1.776838135055745127e+01,-3.068977780012720036e+00,-1.299738912349320541e-01,1.230279888727200444e+01
1.631747759665719144e+01,1.771986062480296908e+01,-3.135133199073230958e+00,-1.280876071938934768e-01,1.230313313596344926e+01
1.508779817640367504e+01,1.775216221023913832e+01,-3.200464401285081806e+00,-1.267884192230552542e-01,1.230331467316329963e+01
1.386280520332876520e+01,1.786433299270945341e+01,-3.265293167934539387e+00,-1.261461687758432537e-01,1.230335227556772537e+01
1.264763405903983617e+01,1.805550045560742234e+01,-3.329975854976041649e+00,-1.262250639328703905e-01,1.230326145115944669e+01
1.144739992070198653e+01,1.832491501347840668e+01,-3.394900096478020046e+00,-1.270815581980066222e-01,1.230306144082231867e+01
1.026730281328828021e+01,1.867196847270126270e+01,-3.460480323838201588e+00,-1.287617340677906508e-01,1.230277271714584941e+01
9.112738855725734055e+00,1.909618508559892192e+01,-3.527151858508261295e+00,-1.312982298339584186e-01,1.230241566793767660e+01
7.989413294431026991e+00,1.959718153600325508e+01,-3.595363359729702779e+00,-1.347067797323624749e-01,1.230201067424183492e+01
6.903449676799214174e+00,2.017459228485689238e+01,-3.665567427659317978e+00,-1.389824047732728662e-01,1.230157943137592014e+01
5.861487877237773425e+00,2.082795716863987678e+01,-3.738209157838053631e+00,-1.440952527158058938e-01,1.230114710379162801e+01
4.870761637078176776e+00,2.155656921211457089e+01,-3.813712456038317544e+00,-1.499862115747279401e-01,1.230074474768293058e+01
3.939143972160169316e+00,2.235928266532016906e+01,-3.892464097078730312e+00,-1.565629339306375545e-01,1.230041124464094793e+01
3.075146750059647882e+00,2.323428481600306483e+01,-3.974796037837666773e+00,-1.636977465934404685e-01,1.230019398554760102e+01
2.287859917284136291e+00,2.417884054388935411e+01,-4.060967355880478635e+00,-1.712293088110949102e-01,1.230014806914717695e+01
1.586817404064998716e+00,2.518902549729704532e+01,-4.151147796868706052e+00,-1.789684167454368702e-01,1.230033440382290166e+01
9.817809280593968735e-01,2.625947058861408578e+01,-4.245404103792597361e+00,-1.867042648737978483e-01,1.230081773538254808e+01
4.824381325243142227e-01,2.738314502996947297e+01,-4.343687316982745017e+00,-1.942033339760331490e-01,1.230166337815494160e+01
9.801509162962210309e-02,2.855120692425354534e+01,-4.445815916092730191e+00,-2.011962670161489830e-01,1.230292737458282204e+01
-1.631933506582502746e-01,2.975295279795638592e+01,-4.551452391904924788e+00,-2.073679334247218453e-01,1.230463434960223523e+01
-2.943564718378817169e-01,3.097590333081671332e+01,-4.660086253646252175e+00,-2.123931487948443053e-01,1.230674858825303630e+01
-2.906429959129240848e-01,3.220606223438561244e+01,-4.771053667263535303e+00,-2.160379995750934812e-01,1.230916947018269525e+01
-1.496509814245033376e-01,3.342835431466400564e+01,-4.883606547286754029e+00,-2.182396679427896780e-01,1.231176358372748680e+01
1.283531730688295402e-01,3.462719100688315876e+01,-4.996973025400392565e+00,-2.189888442896724963e-01,1.231439151469808024e+01
5.403159241693373804e-01,3.578711234054958368e+01,-5.110230044875112121e+00,-2.177426092317152062e-01,1.231690091053631519e+01
1.080009069028069479e+00,3.689367991521457668e+01,-5.221556612424228305e+00,-2.116933377936985050e-01,1.231906429706864969e+01
1.736713826425738905e+00,3.793536371578068866e+01,-5.326668644378679041e+00,-1.943767632450307259e-01,1.232044329487632695e+01
2.493896123882383797e+00,3.890668334627177671e+01,-5.419998594922137869e+00,-1.671935636453569241e-01,1.232008193479013514e+01
3.333647389999901733e+00,3.980729039495927424e+01,-5.505429654886198065e+00,-1.644526855528099518e-01,1.231483468995750385e+01
