4.500000000000000000e+00,0.000000000000000000e+00,5.235987755982988157e-01,0.000000000000000000e+00,5.000000000000000000e+00
5.003648082024438004e+00,2.949694932686248716e-01,5.418590058826494582e-01,2.365424604430745315e-01,6.673535441407486779e+00
5.564014985843999561e+00,6.480343357755535827e-01,5.830153155619974825e-01,2.506956774039524882e-01,6.573770328229641358e+00
6.104302590451334609e+00,1.020999170446857285e+00,6.255274081472449454e-01,2.561615353498185588e-01,6.557541612019138988e+00
6.628208878865573972e+00,1.416836469772037699e+00,6.685763743453526642e-01,2.567327549547614440e-01,6.576103114319379550e+00
7.135967986112418338e+00,1.836093937909985874e+00,7.118889734987400297e-01,2.577794903912443703e-01,6.594529776073131622e+00
7.626027138269318328e+00,2.277951211102388296e+00,7.556371553660713447e-01,2.606501435766088726e-01,6.603428723811387790e+00
8.096438852696016042e+00,2.741254478696245389e+00,8.000669290124996502e-01,2.651786887463829512e-01,6.602764035921938834e+00
8.545340911347127033e+00,3.224899510162589245e+00,8.453748233572282444e-01,2.708555626008256612e-01,6.595721782470328698e+00
8.971076011423065211e+00,3.727939145767226847e+00,8.916929402886416556e-01,2.772210382759187075e-01,6.585733425725840640e+00
9.372158517270243294e+00,4.249559826969809606e+00,9.391037644871285117e-01,2.839481695056460531e-01,6.575367142416767230e+00
9.747200397011297923e+00,4.789008915844680025e+00,9.876572668466915284e-01,2.908336015960970578e-01,6.566117447059535372e+00
1.009484582591347923e+01,5.345513848345785135e+00,1.037383399282867158e+00,2.977616265220471847e-01,6.558574010990677827e+00
1.041373177588287113e+01,5.918212570858504051e+00,1.088298532693468212e+00,3.046602320010798337e-01,6.552717460793092918e+00
1.070247668025327314e+01,6.506102622104010358e+00,1.140405939959775461e+00,3.114599214307804953e-01,6.548204811464798603e+00
1.095969277741605374e+01,7.108009081724594225e+00,1.193691253403180941e+00,3.180613965384092579e-01,6.544585536280313143e+00
1.118401631139389885e+01,7.722568522327616591e+00,1.248114209543181197e+00,3.243138681537381940e-01,6.541437705110650036e+00
1.137415060808089251e+01,8.348225700682130324e+00,1.303598038078392252e+00,3.300032908198401449e-01,6.538434892596399983e+00
1.152891841113554960e+01,8.983240677088364379e+00,1.360017725873513328e+00,3.348486475813587937e-01,6.535362289234124766e+00
1.164732095206103679e+01,9.625705561898183049e+00,1.417188194757957431e+00,3.385039297532648206e-01,6.532101917505021227e+00
1.172860172147191982e+01,1.027357156833307705e+01,1.474853228989635889e+00,3.405634877912998570e-01,6.528603812365067149e+00
1.177231277562490241e+01,1.092468800116355965e+01,1.532675804058420077e+00,3.405687814785917089e-01,6.524854573512754108e+00
1.177838086892439584e+01,1.157685495407731580e+01,1.590230311292718746e+00,3.380150392167962092e-01,6.520849596220434030e+00
1.174717008231399973e+01,1.222789081187310423e+01,1.646997044957943190e+00,3.323569401210334506e-01,6.516571945400667865e+00
1.167953723389661214e+01,1.287571429874488693e+01,1.702359231179531251e+00,3.230132441405618726e-01,6.511979000790447891e+00
1.157687644574646058e+01,1.351843896825743307e+01,1.755602838984853253e+00,3.093712922527135922e-01,6.506996905574061962e+00
1.144114995039675620e+01,1.415447590383911702e+01,1.805919402006805674e+00,2.907933139488643737e-01,6.501522112072678716e+00
1.127490362041552174e+01,1.478263824657198811e+01,1.852412030969365020e+00,2.666272721100081955e-01,6.495428954584284931e+00
1.108126776504287925e+01,1.540223929722271734e+01,1.894104605790984941e+00,2.362251906263924395e-01,6.488582236865346964e+00
1.086394632179368536e+01,1.601317467665609584e+01,1.929953654763362669e+00,1.989709125754161312e-01,6.480854152497953713e+00
1.062720046178223932e+01,1.661597865874710322e+01,1.958861476230871812e+00,1.543161220674234002e-01,6.472145205780036825e+00
1.037577516244273568e+01,1.721181901832294514e+01,1.979992918418756576e+00,1.055419518958051889e-01,6.462397911598206868e+00
1.011462675907303499e+01,1.780235168903859844e+01,1.992963932337908251e+00,5.477041311390887235e-02,6.451675156557134194e+00
9.848726626140921425e+00,1.838954282114011107e+01,1.997668874253462512e+00,3.577907993029271622e-03,6.440137937197779827e+00
9.582958693750867951e+00,1.897549676901846283e+01,1.994205009050410649e+00,-4.664684458606197653e-02,6.428041021932838994e+00
9.322053103402337726e+00,1.956229236969636887e+01,1.982855630794422286e+00,-9.449057593003933053e-02,6.415716436061335237e+00
9.070518097489484788e+00,2.015182760902010628e+01,1.964111767369420836e+00,-1.383736706311021469e-01,6.403545834372018852e+00
8.832541237367728115e+00,2.074567525011811497e+01,1.938724326880461257e+00,-1.764284916054008057e-01,6.391922270925237903e+00
8.611834504565248238e+00,2.134495626813172109e+01,1.907784303544350690e+00,-2.063702341326868472e-01,6.381201846770253816e+00
8.411400487650185553e+00,2.195024360363562721e+01,1.872827490131079742e+00,-2.253631864231071535e-01,6.371648186380419965e+00
8.233205110954193273e+00,2.256151333207603571e+01,1.835949228103699982e+00,-2.299365723276173834e-01,6.363346474912185080e+00
8.077769547175792653e+00,2.317814323204328986e+01,1.799883218895782955e+00,-2.161969125791708413e-01,6.355717768716634630e+00
7.944078754821851440e+00,2.379925023906440629e+01,1.766098946845727102e+00,-2.029352698335577521e-01,6.351532750969627550e+00
7.830858320327327426e+00,2.442405511216126968e+01,1.734315835592771027e+00,-1.922480394252880087e-01,6.348608051955774378e+00
7.737064616208763290e+00,2.505177426866632473e+01,1.704168181676999794e+00,-1.832585023582351536e-01,6.345628610583639251e+00
7.661821207197037964e+00,2.568164935748217914e+01,1.675431992378091151e+00,-1.752365355327182850e-01,6.341875339110893073e+00
7.604337306530245755e+00,2.631296201942954127e+01,1.647967598080341434e+00,-1.679371996207216777e-01,6.337010064127647446e+00
7.563875099069349517e+00,2.694504697104510527e+01,1.621656477055017254e+00,-1.613695589123996244e-01,6.330929325405651120e+00
7.539748511062079217e+00,2.757729973498684828e+01,1.596374505594957194e+00,-1.556034019621853060e-01,6.323666269756253122e+00
7.531332791808061700e+00,2.820917750184567652e+01,1.571985224813306603e+00,-1.507264886670268700e-01,6.315323131498153053e+00
7.538078466090402330e+00,2.884019543219450199e+01,1.548330033529774274e+00,-1.469295624194259520e-01,6.306050850255386031e+00
7.559536821234709159e+00,2.946991871849325761e+01,1.525197518221810933e+00,-1.446837363529608345e-01,6.296005850569165396e+00
7.595411744765939055e+00,3.009795022450537516e+01,1.502268609493728535e+00,-1.448678188694270119e-01,6.285375944887564792e+00
7.645639925430467443e+00,3.072391321021411059e+01,1.479094148126377295e+00,-1.482375452926225079e-01,6.274403978527772985e+00
7.710438334813527028e+00,3.134740194359693888e+01,1.455230998710510093e+00,-1.539830010622221246e-01,6.262831473011986283e+00
7.790190884727770992e+00,3.196794469688960305e+01,1.430605791878329924e+00,-1.583234374336965344e-01,6.250418451170113521e+00
7.885103797052239294e+00,3.258504348596855493e+01,1.405810744028550330e+00,-1.567398137708457262e-01,6.237004799967253099e+00
7.994877630391222567e+00,3.319829544202265481e+01,1.381694180509833059e+00,-1.504928757460475830e-01,6.223285224617035816e+00
8.118788885925361853e+00,3.380745040463261830e+01,1.358752686487208594e+00,-1.426224356963993745e-01,6.209586001217823004e+00
8.255988815324005969e+00,3.441235790488346424e+01,1.336903804317234545e+00,-1.373241951434709951e-01,6.196093512822579363e+00
