4.500000000000000000e+00,0.000000000000000000e+00,5.235987755982988157e-01,0.000000000000000000e+00,5.000000000000000000e+00
4.981211516577324971e+00,2.818305088223783117e-01,5.420020129270928244e-01,2.524016624807198794e-01,6.153517299714357236e+00
5.506678653362836684e+00,6.126075102241043124e-01,5.814465524651990513e-01,2.452691329410786047e-01,6.265486302966616350e+00
6.022908796424526479e+00,9.665803873458338469e-01,6.206890156266823277e-01,2.461222885506744729e-01,6.253948844437484667e+00
6.524228070738237406e+00,1.340102881851501948e+00,6.600218867536921108e-01,2.469301396218237521e-01,6.250297807571065789e+00
7.010336060968430871e+00,1.732984500754753077e+00,6.994578957971351318e-01,2.474741598308841106e-01,6.251023365486760852e+00
7.480531609567274032e+00,2.144728866490824615e+00,7.390023432483303623e-01,2.482586990609025879e-01,6.249667549356718865e+00
7.933904486443329240e+00,2.574622048519126682e+00,7.786619541033784619e-01,2.490191672319438942e-01,6.246832484961837295e+00
8.369661916170352711e+00,3.021974406614138076e+00,8.184046800020473578e-01,2.494703698579936457e-01,6.244124376549189392e+00
8.787124692718167651e+00,3.486107641283913594e+00,8.581707018473304638e-01,2.494919187884281353e-01,6.241806691813378549e+00
9.185662596527306434e+00,3.966279741747052334e+00,8.978860212457783208e-01,2.490425654187167215e-01,6.239361429378886825e+00
9.564686680512970440e+00,4.461659245196715418e+00,9.374654878149063508e-01,2.480629319452284931e-01,6.236389487255031838e+00
9.923682404580754124e+00,4.971345867723880652e+00,9.768088032394141029e-01,2.464415303307487815e-01,6.232909138997486664e+00
1.026224512385783072e+01,5.494400044674454975e+00,1.015795245702926453e+00,2.440275554589216300e-01,6.229186385986213992e+00
1.058010165651409196e+01,6.029858028972992834e+00,1.054279844943215583e+00,2.406515811470974486e-01,6.225465574428987736e+00
1.087712168638084620e+01,6.576731122499009707e+00,1.092090767449466204e+00,2.361343288778261496e-01,6.221818844521065373e+00
1.115332859841569046e+01,7.133998997128534469e+00,1.129027019067698090e+00,2.302855583883609003e-01,6.218144588889868984e+00
1.140891573514472768e+01,7.700607157577563200e+00,1.164856359716408329e+00,2.229020129570641329e-01,6.214247433330353232e+00
1.164426837042670648e+01,8.275473218169866030e+00,1.199313964563506030e+00,2.137692395039242355e-01,6.209923082127426497e+00
1.185998821978237494e+01,8.857501173030383868e+00,1.232102259947254863e+00,2.026663756051388932e-01,6.205005270735579614e+00
1.205691682532281384e+01,9.445599814388673465e+00,1.262891831462573666e+00,1.893706301150521742e-01,6.199369405837380498e+00
1.223615551343474550e+01,1.003870103690498183e+01,1.291322873144552741e+00,1.736592170779766020e-01,6.192909333224934088e+00
1.239908134066855183e+01,1.063577488159153539e+01,1.317006591687846173e+00,1.553088814155914876e-01,6.185508372962127410e+00
1.254735957311640959e+01,1.123583960740527132e+01,1.339526253127582889e+00,1.340950602655533452e-01,6.177019877734375441e+00
1.268295353507714474e+01,1.183796605052473616e+01,1.358437956518312673e+00,1.097934397993417938e-01,6.167263613891833529e+00
1.280813231586392220e+01,1.244127579914545834e+01,1.373271550285614095e+00,8.218641069810171673e-02,6.156037095285444849e+00
1.292547617687697503e+01,1.304493241965136541e+01,1.383532288321918990e+00,5.107625772871161873e-02,6.143137302199059846e+00
1.303787881004620175e+01,1.364812442591174779e+01,1.388703870790948036e+00,1.630620724988744372e-02,6.128387498936822553e+00
1.314854496427166808e+01,1.425003818661220301e+01,1.388253486273360870e+00,-2.221035656397225139e-02,6.111664746359348754e+00
1.326098135876526385e+01,1.484981872952443638e+01,1.381639411680999796e+00,-6.445344444108817850e-02,6.092924902731819969e+00
1.337897817267574574e+01,1.544651656069095047e+01,1.368321657182447693e+00,-1.102555883922076013e-01,6.072222730710405969e+00
1.350657767403244414e+01,1.603901927949458539e+01,1.347776106946574126e+00,-1.592614109814293744e-01,6.049725184443177639e+00
1.364802567905859831e+01,1.662596808247912250e+01,1.319512718995660361e+00,-2.108935968344410050e-01,6.025716492640080801e+00
1.380770047843043535e+01,1.720566143559162242e+01,1.283098826033364670e+00,-2.643297966053352877e-01,6.000594732519806129e+00
1.399001262826389791e+01,1.777595159291282556e+01,1.238189726741987684e+00,-3.184898742593337828e-01,5.974861190352411811e+00
1.419926769274464462e+01,1.833414473335267303e+01,1.184570943341267668e+00,-3.720239018276509380e-01,5.949105184551024550e+00
1.443948300147653718e+01,1.887692296800070224e+01,1.122220183334223798e+00,-4.232793099012592264e-01,5.923986744081961575e+00
1.471414956916854955e+01,1.940031730081226158e+01,1.051402511493165992e+00,-4.702130251299877495e-01,5.900215749615522753e+00
1.502593340001371658e+01,1.989977592085668689e+01,9.728185098883831428e-01,-5.102087723871965297e-01,5.878519817653149460e+00
1.537632008370320236e+01,2.037039026960664501e+01,8.878250742913602611e-01,-5.397923461500057085e-01,5.859554999252836183e+00
1.576523707677617736e+01,2.080735907229986026e+01,7.987170869132215190e-01,-5.543714875080455462e-01,5.843857814509494375e+00
1.619074905392345798e+01,2.120673381705788074e+01,7.089136790707171176e-01,-5.488573930601962081e-01,5.831579601778686950e+00
1.664927488890808505e+01,2.156613266297588893e+01,6.210990194549487198e-01,-5.359722443252293855e-01,5.824005654289399203e+00
1.713656398215113441e+01,2.188425314909523678e+01,5.361211875977408559e-01,-5.210381905751141352e-01,5.818247870077071227e+00
1.764819321837198629e+01,2.216038919142387797e+01,4.542248148850626666e-01,-5.049193299364876930e-01,5.812823894478711395e+00
1.817982342554165598e+01,2.239437880368399902e+01,3.755506873372215226e-01,-4.878720064766887132e-01,5.807088195163396804e+00
1.872732671480950373e+01,2.258657032621966820e+01,3.001785711674672119e-01,-4.702785212223157263e-01,5.800786309794085938e+00
1.928686986638210854e+01,2.273774652464034673e+01,2.281095250698945143e-01,-4.525958590260812930e-01,5.793837034135842501e+00
1.985496249819656356e+01,2.284902633594941079e+01,1.592743367574329105e-01,-4.351582242753175289e-01,5.786228405771129957e+00
2.042847279451736853e+01,2.292177519025542765e+01,9.357289463442189370e-02,-4.180219335293792748e-01,5.777969883045281918e+00
2.100462119763009028e+01,2.295754578392253009e+01,3.092867042463401731e-02,-4.009080805902408007e-01,5.769073275451930272e+00
2.158096682190323534e+01,2.295805628939373833e+01,-2.866057440726126060e-02,-3.832533230856059459e-01,5.759549387704163692e+00
2.215539967568448887e+01,2.292519812698578363e+01,-8.509501271913544329e-02,-3.643877502068691432e-01,5.749414794962639519e+00
2.272614483658012219e+01,2.286105128810037357e+01,-1.381906264396567663e-01,-3.438871281857301399e-01,5.738707144432373397e+00
2.329177326695943506e+01,2.276787255418475908e+01,-1.877622088536143319e-01,-3.220454574099428369e-01,5.727505889628119462e+00
2.385120131660531584e+01,2.264802180449321156e+01,-2.337564974240955995e-01,-3.001222533317681185e-01,5.715949157291424498e+00
2.440365800587677469e+01,2.250381988591778892e+01,-2.763675316063888832e-01,-2.800037632774642349e-01,5.704242110220691941e+00
2.494861501150898064e+01,2.233737615259182263e+01,-3.160630914847728512e-01,-2.634734908925205898e-01,5.692674918268325612e+00
2.548569838036480206e+01,2.215044269564334556e+01,-3.535157022525122206e-01,-2.516498711725438930e-01,5.681690458253418896e+00
2.601461436317740095e+01,2.194432892557779979e+01,-3.894879641714998342e-01,-2.448205365188276250e-01,5.672071095054125323e+00
