4.500000000000000000e+00,0.000000000000000000e+00,5.235987755982988157e-01,0.000000000000000000e+00,5.000000000000000000e+00
4.974222895543224610e+00,2.775999545243275635e-01,5.414013826024485221e-01,2.489468403596565849e-01,5.990134344511348630e+00
5.486970049109076264e+00,5.993985398024120892e-01,5.793541626572308312e-01,2.424657778661716279e-01,6.117845900313927388e+00
5.992050022079746796e+00,9.436624384451014480e-01,6.172083880454816152e-01,2.431657496796489348e-01,6.107832473789196470e+00
6.482989678130735456e+00,1.306281411341904786e+00,6.551944491505807822e-01,2.447874040694834608e-01,6.099690807163504758e+00
6.959432329031657538e+00,1.687066526967287761e+00,6.933711566459945796e-01,2.458460106714403515e-01,6.099326986987820831e+00
7.420920498409205202e+00,2.085765306465911628e+00,7.317250928187040149e-01,2.470139057840604613e-01,6.098667012732690296e+00
7.866615645976974491e+00,2.501785498662159046e+00,7.702551399044027525e-01,2.481552006742727690e-01,6.095806404174677340e+00
8.295700140829159963e+00,2.934471094561720950e+00,8.089190558158946276e-01,2.489124032025248345e-01,6.092328654288188261e+00
8.707515711310705342e+00,3.383207666406145897e+00,8.476361291539501464e-01,2.490510722953926948e-01,6.089673110568494252e+00
9.101523056069378725e+00,3.847380963929462716e+00,8.863042831041458847e-01,2.484748410483371139e-01,6.088090742826794965e+00
9.477246215735164014e+00,4.326311004391474313e+00,9.248099002422949244e-01,2.471452329504129630e-01,6.087091601234124738e+00
9.834261788886506039e+00,4.819223063181654609e+00,9.630282024086405102e-01,2.450011352779539187e-01,6.086116822017579864e+00
1.017222452147766099e+01,5.325257202180846861e+00,1.000817314069659458e+00,2.419197684819444638e-01,6.084888504714474067e+00
1.049090446435886292e+01,5.843494134552129182e+00,1.038010764785589624e+00,2.377208986806951252e-01,6.083416145645283990e+00
1.079021945818412220e+01,6.372977748116346319e+00,1.074411830365667786e+00,2.321899826170055192e-01,6.081832960825916956e+00
1.107025897622251343e+01,6.912726276228161382e+00,1.109790387464986816e+00,2.250972575894176209e-01,6.080225656134592427e+00
1.133130267540817471e+01,7.461733916282968337e+00,1.143881283804476290e+00,2.162049835019981270e-01,6.078540655446635910e+00
1.157383853322552980e+01,8.018969064847286887e+00,1.176383217577189999e+00,2.052667732966735326e-01,6.076576277782494984e+00
1.179858348414870939e+01,8.583375025375298506e+00,1.206957878678922569e+00,1.920257197958206707e-01,6.074030866441635368e+00
1.200650664388751565e+01,9.153876255567656273e+00,1.235229673733866829e+00,1.762153415076748719e-01,6.070568860733809302e+00
1.219885320478198665e+01,9.729389976536984008e+00,1.260786426650657877e+00,1.575640959060532476e-01,6.065876888303307624e+00
1.237716641656247951e+01,1.030884049474389386e+01,1.283181209230553677e+00,1.358027018398992314e-01,6.059697275522628601e+00
1.254330543883956217e+01,1.089117231483781367e+01,1.301935211899411415e+00,1.106737191107571017e-01,6.051839026165160007e+00
1.269945766273786347e+01,1.147535791543813843e+01,1.316541483090845954e+00,8.194378585197049925e-02,6.042173433148807504e+00
1.284814481077365933e+01,1.206039653574419468e+01,1.326469462385720943e+00,4.941978807741114615e-02,6.030623431722066385e+00
1.299222242224281665e+01,1.264530108192116842e+01,1.331170439929865390e+00,1.297058384932846947e-02,6.017154284677035392e+00
1.313487212306654150e+01,1.322907103891524550e+01,1.330084313138958363e+00,-2.744449521462780095e-02,6.001770023719608105e+00
1.327958541444218987e+01,1.381064997366052971e+01,1.322648229134700149e+00,-7.174036655301432863e-02,5.984516654869871388e+00
1.343013669941894683e+01,1.438886692211184126e+01,1.308307899178126066e+00,-1.196659957412837816e-01,5.965490400083970357e+00
1.359054199589339795e+01,1.496236189872440825e+01,1.286532627485849734e+00,-1.707629593787523825e-01,5.944847746406907163e+00
1.376499831587431899e+01,1.552949731269572275e+01,1.256835574354579155e+00,-2.243272258252218265e-01,5.922814013281607615e+00
1.395779707363913147e+01,1.608825969078484519e+01,1.218801698879933726e+00,-2.793771787540494933e-01,5.899688315744633371e+00
1.417320326756856019e+01,1.663616037038284645e+01,1.172127439634524926e+00,-3.346265420041783512e-01,5.875844519065243077e+00
1.441529099791435797e+01,1.717015042380350920e+01,1.116678680527215972e+00,-3.884535129358724359e-01,5.851728994482945367e+00
1.468772612487909157e+01,1.768657472883528925e+01,1.052576911360200151e+00,-4.388479199245043927e-01,5.827855449658071230e+00
1.499349042680932698e+01,1.818120324067530902e+01,9.803270261113481432e-01,-4.833092442194192317e-01,5.804793635399284391e+00
1.533455173572680330e+01,1.864939318620872655e+01,9.010008124139723407e-01,-5.186682797674143641e-01,5.783142186800854567e+00
1.571150658477279016e+01,1.908644904013205945e+01,8.164781052300824626e-01,-5.408391179195356502e-01,5.763479185417478057e+00
1.612325896985407070e+01,1.948823741668994458e+01,7.296990904666889044e-01,-5.446592466585650216e-01,5.746198599892276881e+00
1.656687208497011454e+01,1.985205176703055585e+01,6.447166909966365322e-01,-5.248054310271096368e-01,5.731634736200269309e+00
1.703810023308539101e+01,2.017719274895936721e+01,5.639279490443134257e-01,-5.026463304389857667e-01,5.721765820903518041e+00
1.753268114692412638e+01,2.046383429185259217e+01,4.872062685501695189e-01,-4.824938293880577933e-01,5.713862557407286324e+00
1.804665445383529487e+01,2.071234335231250157e+01,4.140681165416066900e-01,-4.643970632771023399e-01,5.706656513978557221e+00
1.857641753006326013e+01,2.092323319347606514e+01,3.441321698476229041e-01,-4.476300190272782253e-01,5.699587240529401022e+00
1.911869391473648960e+01,2.109718563232675237e+01,2.771558674996865146e-01,-4.316236208850540157e-01,5.692416881614673407e+00
1.967050516094468193e+01,2.123506171732003622e+01,2.129822596891397246e-01,-4.161130117915292637e-01,5.685043527967171606e+00
2.022915424720655153e+01,2.133788776254158037e+01,1.514911179697075450e-01,-4.010246456668600246e-01,5.677415490662759190e+00
2.079221304613249899e+01,2.140682723346710148e+01,9.257927650879296810e-02,-3.862955207025505766e-01,5.669495026049179209e+00
2.135750889583524881e+01,2.144315518516907204e+01,3.617007556291389897e-02,-3.717214482563715450e-01,5.661245797508832389e+00
2.192311129276970405e+01,2.144824851380645825e+01,-1.775980910781329788e-02,-3.568889344892941518e-01,5.652631837561151507e+00
2.248732355118787041e+01,2.142359637798471539e+01,-6.915295178916605612e-02,-3.412160433405383997e-01,5.643622623986300546e+00
2.304868401827493685e+01,2.137082405149079278e+01,-1.178624198587864685e-01,-3.241255627150849139e-01,5.634202671265767570e+00
2.360597688491952084e+01,2.129171184701320030e+01,-1.636826668521537687e-01,-3.053705057364494713e-01,5.624385536541175235e+00
2.415824456753318827e+01,2.118818169899343573e+01,-2.064324344713520387e-01,-2.854089383374738831e-01,5.614229582588628809e+00
2.470478610032575162e+01,2.106222778148132591e+01,-2.460688131137596102e-01,-2.655148526315789792e-01,5.603849156029828471e+00
2.524512753933344555e+01,2.091579312684431358e+01,-2.827743376714081935e-01,-2.474069983593720767e-01,5.593421438317448313e+00
2.577896476799613268e+01,2.075062691160536232e+01,-3.169670305415762113e-01,-2.326316055778115399e-01,5.583205817657238335e+00
2.630609607911299364e+01,2.056816677467742593e+01,-3.492358636511231351e-01,-2.221258488779958851e-01,5.573605972104599182e+00
2.682636951706914630e+01,2.036947069443546710e+01,-3.802418832552559302e-01,-2.160926200945531284e-01,5.565324545835991010e+00
