4.500000000000000000e+00,0.000000000000000000e+00,5.235987755982988157e-01,0.000000000000000000e+00,5.000000000000000000e+00
5.002258994464086506e+00,2.943749488959040428e-01,5.428285235913006268e-01,2.496384168370862910e-01,6.643572250161096093e+00
5.560243892177408220e+00,6.474968045817293127e-01,5.859756669341430468e-01,2.616342054842807352e-01,6.564150422047063671e+00
6.099201972909133573e+00,1.022528791677110860e+00,6.298678870821980968e-01,2.608819644473209243e-01,6.568922718161926966e+00
6.622396639586234812e+00,1.421684920319905787e+00,6.734602088863078651e-01,2.571160814949380313e-01,6.593552108378499810e+00
7.129241075733194322e+00,1.844375677405212022e+00,7.167204021641933043e-01,2.556927419191196149e-01,6.606852308667576779e+00
7.617819709539623396e+00,2.289010525250010808e+00,7.600035200924779577e-01,2.568970386788965721e-01,6.606434451491001170e+00
8.086304144499388613e+00,2.754108138085564761e+00,8.036248290525414006e-01,2.598712482204790231e-01,6.597543205515110643e+00
8.533238302051588065e+00,3.238552189408726800e+00,8.477924397552372149e-01,2.638582770969555291e-01,6.585882921715544569e+00
8.957458513483885554e+00,3.741543371447684230e+00,8.926411113703441869e-01,2.684348560146693208e-01,6.575203605335993018e+00
9.357927461515336276e+00,4.262457797973818963e+00,9.382740796157157392e-01,2.734572968526810532e-01,6.567127148138069970e+00
9.733596084787292213e+00,4.800708175144256629e+00,9.847914623950376756e-01,2.789537966563410132e-01,6.561743053066431131e+00
1.008332159662616512e+01,5.355641190492531400e+00,1.032303811247081926e+00,2.850215305669856480e-01,6.558310824649264958e+00
1.040583597436709873e+01,5.926474871893630869e+00,1.080933288446917162e+00,2.917448202438166494e-01,6.555824138181192140e+00
1.069975031985017822e+01,6.512267169145898649e+00,1.130805731204624465e+00,2.991403041951273822e-01,6.553368069835192600e+00
1.096358160981763774e+01,7.111903528430480570e+00,1.182036884139175292e+00,3.071271755030557937e-01,6.550289341897297390e+00
1.119579296591160933e+01,7.724093059072957068e+00,1.234715512041686836e+00,3.155160533925149835e-01,6.546233672646506463e+00
1.139484319794641998e+01,8.347366992736212410e+00,1.288885276827708815e+00,3.240095309083595998e-01,6.541105074482480575e+00
1.155924459062914700e+01,8.980077516272180205e+00,1.344526520009442061e+00,3.322088927015742210e-01,6.534990624440535356e+00
1.168762945964131283e+01,9.620398809675004159e+00,1.401538615061832305e+00,3.396234693675742045e-01,6.528080606243937822e+00
1.177882604523301957e+01,1.026633481455196772e+01,1.459723394383316109e+00,3.456809521013042841e-01,6.520600821047546347e+00
1.183194313662720809e+01,1.091573965863030793e+01,1.518770269471903855e+00,3.497383042307311007e-01,6.512763266864061151e+00
1.184646085161641871e+01,1.156635668473541223e+01,1.578243922538338673e+00,3.510934246467594666e-01,6.504734732316546086e+00
1.182232276184915598e+01,1.221588070712335039e+01,1.637575675489685079e+00,3.489975401115457676e-01,6.496619916811008366e+00
1.176002266133444429e+01,1.286204554302190317e+01,1.696059669735517472e+00,3.426678558916928519e-01,6.488455114806974677e+00
1.166067835555735854e+01,1.350273526569047888e+01,1.752854729652739252e+00,3.312999421751194329e-01,6.480209044253371076e+00
1.152608542260104940e+01,1.413611344594585795e+01,1.806992295351974143e+00,3.140804729273932172e-01,6.471788500856767712e+00
1.135874615318860670e+01,1.476076056929546532e+01,1.857390318539682283e+00,2.902037966064973662e-01,6.463048071418260321e+00
1.116187249401692583e+01,1.537580657256796002e+01,1.902872755997078169e+00,2.588997213813958864e-01,6.453805052313574819e+00
1.093936604902108733e+01,1.598104360312929728e+01,1.942194191142552873e+00,2.194817271048998264e-01,6.443862703461453734e+00
1.069578225779473613e+01,1.657700399858635976e+01,1.974068453490632091e+00,1.714188358713474858e-01,6.433046609261765525e+00
1.043618116565520992e+01,1.716493743195612609e+01,1.997758843304949128e+00,1.212752631270224701e-01,6.421179220987767167e+00
1.016563922846039780e+01,1.774657290007240107e+01,2.013220021773253432e+00,7.089105748219048930e-02,6.408489392011418317e+00
9.889046216796407052e+00,1.832392654373970231e+01,2.020559868225580313e+00,2.072917039287556010e-02,6.395303805828742583e+00
9.611104251761947381e+00,1.889916259511101160e+01,2.019914339028450634e+00,-2.882813137262947925e-02,6.381993254764015688e+00
9.336358920904610059e+00,1.947446907284977868e+01,2.011469539939545026e+00,-7.703511204053754835e-02,6.368928104110489485e+00
9.069203786809937995e+00,2.005192661606911031e+01,1.995532891674421050e+00,-1.226549988209683639e-01,6.356443039857087030e+00
8.813833021141578072e+00,2.063336667559451243e+01,1.972624496223432944e+00,-1.639198525521813332e-01,6.344807778140015841e+00
8.574122910420818755e+00,2.122022603341527258e+01,1.943585036974850189e+00,-1.984901627803724034e-01,6.334200073287359345e+00
8.353422136368276796e+00,2.181341312258304299e+01,1.909700610563133338e+00,-2.233991820825935171e-01,6.324679679306939306e+00
8.154234677645511908e+00,2.241320940504503412e+01,1.872834915061639904e+00,-2.350213236049279453e-01,6.316150467798813395e+00
7.977799866196111367e+00,2.301922483792992580e+01,1.835535413424085105e+00,-2.291902356694293097e-01,6.308114088917164963e+00
7.823932952174671662e+00,2.363068843090377413e+01,1.799262507000863875e+00,-2.231333453612345252e-01,6.303092773846152852e+00
7.692127197126224836e+00,2.424678702898512839e+01,1.764012493032229623e+00,-2.171777936088241101e-01,6.298357073327691680e+00
7.581885354789391407e+00,2.486658461200280712e+01,1.729808260717233592e+00,-2.108104065663297666e-01,6.292765952934118445e+00
7.492651842006650575e+00,2.548913236874583177e+01,1.696694656398639589e+00,-2.043199985230696458e-01,6.286017351151276245e+00
7.423820063715694140e+00,2.611353351925905741e+01,1.664650664306016603e+00,-1.982192381480411547e-01,6.278191802335717497e+00
7.374780088841526471e+00,2.673897365094875056e+01,1.633585392426418537e+00,-1.928412574001548974e-01,6.269508090151605373e+00
7.344958585184691913e+00,2.736472507620849015e+01,1.603372978829973761e+00,-1.882776406542706060e-01,6.260200961567718991e+00
7.333836825641827595e+00,2.799013679898779472e+01,1.573884904803801277e+00,-1.844698035624723897e-01,6.250464405003421930e+00
7.340952348681370587e+00,2.861462019302243576e+01,1.545004730526945425e+00,-1.813298983276468990e-01,6.240448300802938775e+00
7.365896203404726172e+00,2.923763466046113635e+01,1.516621718535521746e+00,-1.788796266391199929e-01,6.230242504355540945e+00
7.408319882730070027e+00,2.985867498395480624e+01,1.488601060392553466e+00,-1.774028476416965039e-01,6.219917437509687730e+00
7.467961925031692871e+00,3.047726010249600748e+01,1.460755411039307505e+00,-1.772781815102940084e-01,6.209558459459962876e+00
7.544667688404724792e+00,3.109290001101819101e+01,1.432903237029787169e+00,-1.780743668431026827e-01,6.198844399906198177e+00
7.638319898572786926e+00,3.170507641196300597e+01,1.405099410671882154e+00,-1.772915835030851039e-01,6.187525379276044291e+00
7.748615954397568117e+00,3.231328518374195369e+01,1.377846225332258756e+00,-1.718236788917241742e-01,6.175431875249826064e+00
7.874866851127776179e+00,3.291713804024028889e+01,1.351758761863777192e+00,-1.632886104204868127e-01,6.163111743588967073e+00
8.016116548683637433e+00,3.351639198201969805e+01,1.327099272979779476e+00,-1.544200918952183255e-01,6.150717454231706682e+00
8.171405211779717348e+00,3.411087993778374283e+01,1.303631077756050027e+00,-1.487837069318083127e-01,6.138266663293956427e+00
