4.500000000000000000e+00,0.000000000000000000e+00,5.235987755982988157e-01,0.000000000000000000e+00,5.000000000000000000e+00
4.933280965979109922e+00,2.499052982195222872e-01,5.223024209101581050e-01,-2.072995932871676134e-02,5.003701133747435748e+00
5.367424595188956538e+00,4.990220074985309839e-01,5.195148002731445613e-01,-2.381612793442961645e-02,5.007092799199215349e+00
5.802538430587120821e+00,7.470970282919611183e-01,5.169802350164359739e-01,-1.666194820592641068e-02,5.010200253761389888e+00
6.238400113723900908e+00,9.944606459523228636e-01,5.156851151938381950e-01,-4.012077507784115281e-03,5.013056744881732030e+00
6.674612015785747587e+00,1.241763980446917159e+00,5.161351026777443174e-01,1.118973100991867489e-02,5.015697280720212703e+00
7.110693871769058205e+00,1.489812544643905889e+00,5.185420938168688876e-01,2.718535003372457223e-02,5.018157377300589417e+00
7.546134947557373351e+00,1.739464142264354196e+00,5.229456267032147609e-01,4.296858553867924368e-02,5.020473189855394480e+00
7.980421682833311436e+00,1.991568462979474541e+00,5.292880962692674274e-01,5.798603726679166931e-02,5.022681762881946455e+00
8.413051576737766268e+00,2.246932421180602102e+00,5.374584959508824644e-01,7.193612970959906150e-02,5.024821037301547832e+00
8.843540222877770418e+00,2.506300314277151831e+00,5.473153977097809930e-01,8.463865932068485864e-02,5.026929545480269823e+00
9.271425795945987147e+00,2.770341610804529786e+00,5.586967552700123907e-01,9.595424243177683166e-02,5.029045783691117322e+00
9.696273609680504890e+00,3.039641903689930036e+00,5.714218211825324856e-01,1.057385315348507160e-01,5.031207241982285083e+00
1.011768228126292968e+01,3.314694515481376946e+00,5.852888320153046831e-01,1.138202147575408663e-01,5.033449059512591361e+00
1.053529231155131285e+01,3.595891605207720332e+00,6.000709594153474935e-01,1.199948838396389661e-01,5.035802281730008545e+00
1.094879736766968037e+01,3.883514539975960744e+00,6.155122054679370569e-01,1.240290987857104454e-01,5.038291728328374575e+00
1.135795814144015026e+01,4.177723860501095565e+00,6.313243334887844727e-01,1.256706117796391742e-01,5.040933534155023210e+00
1.176261830567833577e+01,4.478549463448572077e+00,6.471854958502069044e-01,1.246619248445876571e-01,5.043732492484096497e+00
1.216272178285170646e+01,4.785881702977289542e+00,6.627409000411580431e-01,1.207552960909151485e-01,5.046679403153602195e+00
1.255833027862263584e+01,5.099464030757788535e+00,6.776056160459562605e-01,1.137280876831243959e-01,5.049748697668769992e+00
1.294963982686843451e+01,5.418887601000210275e+00,6.913694625111167502e-01,1.033980225956983301e-01,5.052896668926765145e+00
1.333699495318186123e+01,5.743588023380617358e+00,7.036038162782095595e-01,8.963848497926973913e-02,5.056060663007473366e+00
1.372089899436724458e+01,6.072844215987686312e+00,7.138701710909554077e-01,7.239440239843242253e-02,5.059159582599033200e+00
1.410201910770346956e+01,6.405779156328213375e+00,7.217303212178098892e-01,5.169939498292091401e-02,5.062095996171924739e+00
1.448118455711854757e+01,6.741362307744708460e+00,7.267581483612031157e-01,2.769468326446823322e-02,5.064760039387525836e+00
1.485937696880524150e+01,7.078413654763359375e+00,7.285531212892346620e-01,6.496959590206164391e-04,5.067035139570910118e+00
1.523771141306598409e+01,7.415609640714841078e+00,7.267557516243308147e-01,-2.901648597962039333e-02,5.068805404630367661e+00
1.561740741671798283e+01,7.751491873376353148e+00,7.210653665775550447e-01,-6.071452270815221042e-02,5.069964315573738389e+00
1.599974938367271982e+01,8.084480238210902669e+00,7.112606487248868126e-01,-9.366716156001220206e-02,5.070424165227436220e+00
1.638603645545277132e+01,8.412892995929784234e+00,6.972234463845504715e-01,-1.268963094724216423e-01,5.070125497914332868e+00
1.677752263391835541e+01,8.734977463430338318e+00,6.789663628368081127e-01,-1.592151663546640949e-01,5.069045604356974266e+00
1.717534904923671135e+01,9.048955849526391759e+00,6.566645609618109170e-01,-1.892232053166329753e-01,5.067204875135669084e+00
1.758047156499195296e+01,9.353091531778941814e+00,6.306920147591070780e-01,-2.152986826607811710e-01,5.064669500155085657e+00
1.799358834721628853e+01,9.645781227291974957e+00,6.016619758099869264e-01,-2.355811422466259075e-01,5.061548714159593843e+00
1.841507332229230443e+01,9.925677741549939981e+00,5.704704367513507846e-01,-2.479375930170508169e-01,5.057984860611552946e+00
1.884492218143201825e+01,1.019184577241400902e+01,5.383394328373750648e-01,-2.499140034026720580e-01,5.054135688270067206e+00
1.928271713863082937e+01,1.044394901659880048e+01,5.068538284279346939e-01,-2.386907079533990284e-01,5.050151643815619096e+00
1.972761415009929920e+01,1.068246024374828451e+01,4.779817281967393972e-01,-2.110829800408992596e-01,5.046157828988819816e+00
2.017842515311472695e+01,1.090877847736397577e+01,4.533430579996833298e-01,-1.747551450392246242e-01,5.042714910695060837e+00
2.063389039967528049e+01,1.112485532494212492e+01,4.333360395990328851e-01,-1.400727724209109015e-01,5.039869652675070810e+00
2.109291269519679801e+01,1.133264038181367539e+01,4.174204292458335019e-01,-1.112712039806163927e-01,5.037460574498746624e+00
2.155463774686958800e+01,1.153378954547019752e+01,4.047552122425013832e-01,-8.922311693342631356e-02,5.035362321057581525e+00
2.201844188426997562e+01,1.172959051815306353e+01,3.945150079000452892e-01,-7.313760880518059559e-02,5.033490940433553718e+00
2.248388555955643398e+01,1.192099480727229022e+01,3.860277523131053767e-01,-6.157143508038027957e-02,5.031794705832330905e+00
2.295066119612650013e+01,1.210869372759925788e+01,3.788143599518097870e-01,-5.300460661188065303e-02,5.030242414075054569e+00
2.341854700421787427e+01,1.229320281057232656e+01,3.725760442438152409e-01,-4.614043271263373880e-02,5.028814236330241272e+00
2.388737104205223716e+01,1.247493571086952358e+01,3.671565924772905998e-01,-4.003135706292380164e-02,5.027496110977462962e+00
2.435698630396254671e+01,1.265425923942264852e+01,3.624965632496577328e-01,-3.409590075080060761e-02,5.026276904157427339e+00
2.482725575413055452e+01,1.283152779129996368e+01,3.585898341064894801e-01,-2.807152601884254847e-02,5.025147207781657244e+00
2.529804527587456420e+01,1.300709939380013225e+01,3.554481977938094839e-01,-2.193753129435473126e-02,5.024098918162520633e+00
2.576922223628163167e+01,1.318133753914732154e+01,3.530760335548012718e-01,-1.583389598401854087e-02,5.023125133507040374e+00
2.624065758834571227e+01,1.335460340467413332e+01,3.514546095819469640e-01,-9.990095975708117651e-03,5.022220192373252345e+00
2.671222987429093365e+01,1.352724266454561075e+01,3.505346686579544069e-01,-4.664616849587188696e-03,5.021379816836342158e+00
2.718382987949249596e+01,1.369957054547999853e+01,3.502361861147088029e-01,-9.100318168623683845e-05,5.020601370970645405e+00
2.765536491764281024e+01,1.387185834243189575e+01,3.504543595981258197e-01,3.567783011389256877e-03,5.019884239905536560e+00
2.812676191114421442e+01,1.404432404673397805e+01,3.510702932598350756e-01,6.248732110891778296e-03,5.019230315627360994e+00
2.859796870235485855e+01,1.421712877510859663e+01,3.519639812810779755e-01,7.996112716649475538e-03,5.018644579267270700e+00
2.906895340156799179e+01,1.439037943303292089e+01,3.530269339118559113e-01,8.948414698414227514e-03,5.018135802537999623e+00
2.953970195236445662e+01,1.456413687811771673e+01,3.541723233691202455e-01,9.311843331361882581e-03,5.017717431303747588e+00
3.001021438568115940e+01,1.473842805609634432e+01,3.553414007985875589e-01,9.327381682161687421e-03,5.017408742311859626e+00
