4.500000000000000000e+00,0.000000000000000000e+00,5.235987755982988157e-01,0.000000000000000000e+00,5.000000000000000000e+00
5.012101364759010025e+00,2.997897905169487065e-01,5.412511117171449060e-01,2.241369640613556924e-01,6.868135036938349813e+00
5.590708701077405252e+00,6.631753308057563023e-01,5.803627525191601411e-01,2.260237539773228832e-01,6.797808261904219052e+00
6.149287926921465086e+00,1.045352064173598716e+00,6.199371571589054053e-01,2.334722956599784571e-01,6.739246000707872497e+00
6.688580060292575347e+00,1.446953032774228154e+00,6.604028662807441830e-01,2.389596182250585121e-01,6.709635630940917750e+00
7.209286362083586752e+00,1.868835378103370415e+00,7.015952372667553227e-01,2.431736224596138807e-01,6.694591725529788206e+00
7.711198680356118551e+00,2.311233657461551960e+00,7.434333459308751779e-01,2.470001903226036744e-01,6.687448692114683624e+00
8.193628842952701774e+00,2.774024812888697067e+00,7.859330815073400922e-01,2.509931488717944692e-01,6.683890668261129875e+00
8.655576821329599824e+00,3.256839320366087254e+00,8.291594175047962700e-01,2.553784488326268365e-01,6.681367509456110909e+00
9.095850970339252939e+00,3.759133645325138939e+00,8.731891611401330078e-01,2.601969111056398054e-01,6.678467777323424670e+00
9.513150332296595124e+00,4.280231212900317495e+00,9.180908352104402148e-01,2.653863103535816226e-01,6.674529201140702028e+00
9.906123457252352438e+00,4.819345061251346429e+00,9.639129810248325825e-01,2.708156092452476127e-01,6.669375808047135479e+00
1.027341228241212434e+01,5.375587686800407106e+00,1.010675611823121267e+00,2.763020250851585535e-01,6.663109545224354946e+00
1.061368766063672808e+01,5.947971445332143503e+00,1.058363126311862468e+00,2.816225215052144959e-01,6.655967598417280584e+00
1.092568234617200496e+01,6.535403954991468645e+00,1.106918394451029242e+00,2.865235928143519128e-01,6.648235775850404039e+00
1.120822512676748417e+01,7.136682883446361814e+00,1.156238097033771561e+00,2.907302358001248033e-01,6.640199045414014734e+00
1.146027771836555686e+01,7.750493852958253882e+00,1.206169418008109950e+00,2.939541021785537778e-01,6.632116546205120144e+00
1.168097445814484381e+01,8.375414419822774903e+00,1.256508200205635584e+00,2.959014154893210291e-01,6.624210677863695551e+00
1.186966357850658405e+01,9.009926054625033487e+00,1.306998776560529318e+00,2.962817021939053719e-01,6.616660961263560736e+00
1.202594794827630942e+01,9.652434942418643971e+00,1.357335790238130668e+00,2.948179763009441956e-01,6.609597937825126834e+00
1.214972267632392544e+01,1.030130150741414674e+01,1.407168318039057064e+00,2.912582532405857405e-01,6.603097650512896877e+00
1.224120680461637534e+01,1.095487783181694219e+01,1.456106495377148091e+00,2.853877873383350305e-01,6.597179487203250758e+00
1.230096639150036886e+01,1.161155139241931700e+01,1.503730647359135641e+00,2.770413170516180523e-01,6.591809275800990520e+00
1.232992661899107034e+01,1.226979269896929381e+01,1.549602702878924321e+00,2.661146370189206856e-01,6.586907608236991507e+00
1.232937120416104371e+01,1.292820360735611551e+01,1.593279443241333526e+00,2.525748512887201480e-01,6.582362028639723306e+00
1.230092833933445817e+01,1.358556252200899372e+01,1.634326953991892539e+00,2.364687305325185729e-01,6.578041232242082259e+00
1.224654350068647268e+01,1.424086258173374553e+01,1.672335555223288583e+00,2.179287773447621535e-01,6.573809444097244992e+00
1.216844053864976871e+01,1.489333931598151928e+01,1.706934517656393036e+00,1.971768940524220859e-01,6.569539417147298721e+00
1.206907326865290919e+01,1.554248511933123211e+01,1.737806030303660654e+00,1.745258261052925752e-01,6.565122955734326027e+00
1.195107014642671928e+01,1.618804908414216825e+01,1.764698122884647447e+00,1.503786325241246447e-01,6.560478506639544349e+00
1.181717448274966564e+01,1.683002207149255014e+01,1.787436472721696701e+00,1.252261555546288485e-01,6.555556031905913628e+00
1.167018211332524302e+01,1.746860821046572454e+01,1.805935137663750911e+00,9.964181693958212849e-02,6.550339879580926450e+00
1.151287769883327705e+01,1.810418516472843464e+01,1.820206176459029601e+00,7.427228765776450192e-02,6.544850531460717491e+00
1.134797016025432370e+01,1.873725642223874743e+01,1.830367836774732693e+00,4.982212479904769148e-02,6.539145884889396854e+00
1.117802740587854515e+01,1.936839951377829649e+01,1.836650597128995477e+00,2.703092078001263082e-02,6.533322211351597630e+00
1.100541061523306574e+01,1.999821440302473974e+01,1.839400037153586576e+00,6.643347748847148321e-03,6.527514306342014905e+00
1.083220885177817649e+01,2.062727621910996589e+01,1.839075558266487276e+00,-1.062418839624499484e-02,6.521893768351949561e+00
1.066017538085939442e+01,2.125609587794139088e+01,1.836244655711525953e+00,-2.411243850641940981e-02,6.516663899319610209e+00
1.049066728404933180e+01,2.188509084141247740e+01,1.831573801327269990e+00,-3.323326535378793439e-02,6.512049495060709958e+00
1.032458936618519196e+01,2.251456635956300190e+01,1.825818445665858381e+00,-3.746212444472466624e-02,6.508280345966417357e+00
1.016234497359841882e+01,2.314469675517283775e+01,1.819811989993543433e+00,-3.635222269367981845e-02,6.505386797719996395e+00
1.000400134762259441e+01,2.377544160317190602e+01,1.813599521186633590e+00,-4.003474330461909841e-02,6.500967457890958201e+00
9.849982710431005373e+00,2.440672562887590047e+01,1.806348671277660634e+00,-4.917517788230971881e-02,6.495079832453356516e+00
9.701242458954846271e+00,2.503860406066504041e+01,1.797240169690961897e+00,-6.295919144847508808e-02,6.487938788406921731e+00
9.559205898612345820e+00,2.567124002317068587e+01,1.785577327975069517e+00,-8.069265873341990858e-02,6.479827644115374596e+00
9.425704190508170655e+00,2.630486351586960581e+01,1.770754343582715995e+00,-1.019256311822694661e-01,6.470988867275089262e+00
9.302934109035549071e+00,2.693971962177596779e+01,1.752220030041838905e+00,-1.263764631341994793e-01,6.461555295242424890e+00
9.193438338438363999e+00,2.757600741638496800e+01,1.729449795559254044e+00,-1.538986768852131370e-01,6.451531144254500916e+00
9.100100829566089899e+00,2.821381086344441513e+01,1.701918374014388391e+00,-1.844938665580124759e-01,6.440813668252696189e+00
9.026156155744059717e+00,2.885302176611941150e+01,1.669067367473596963e+00,-2.183411180056142875e-01,6.429239126145596117e+00
8.975213725862218439e+00,2.949325547779472600e+01,1.630266571873826287e+00,-2.558000325834557387e-01,6.416711350186439233e+00
8.951295189479139935e+00,3.013375196094265362e+01,1.584782415905167108e+00,-2.972526973518462290e-01,6.403252644637644764e+00
8.958855847286049112e+00,3.077325063021769580e+01,1.531838596446579048e+00,-3.421247526353420332e-01,6.389108929170488338e+00
9.002658629322795036e+00,3.140984215188852957e+01,1.471009742688732969e+00,-3.862552790854744122e-01,6.374793885739276078e+00
9.087232133546455870e+00,3.204081573282940809e+01,1.403002505055713334e+00,-4.211739075555669398e-01,6.359986567980726591e+00
9.215811596053043786e+00,3.266273645122692670e+01,1.330332097256986312e+00,-4.371465977567078331e-01,6.344274121882245154e+00
9.389209095134411598e+00,3.327198996981676515e+01,1.256908727243702506e+00,-4.309581605268657523e-01,6.327534839758408580e+00
9.605686911666765582e+00,3.386554894338055277e+01,1.185728383169804889e+00,-4.156465766021315567e-01,6.311191118973074055e+00
9.862286663641750550e+00,3.444113952949894042e+01,1.117632161531976420e+00,-4.001323630839236367e-01,6.295179669719903615e+00
1.015596475210585936e+01,3.499696733395595771e+01,1.052129670094723135e+00,-3.895157168915762691e-01,6.279917932578262807e+00
