4.500000000000000000e+00,0.000000000000000000e+00,5.235987755982988157e-01,0.000000000000000000e+00,5.000000000000000000e+00
4.990924028181228600e+00,2.876609948201557243e-01,5.425823601394550444e-01,2.536774452045899575e-01,6.380082379047102847e+00
5.534124945880912527e+00,6.306476638962109638e-01,5.836180862890575360e-01,2.466112311949538172e-01,6.469275753651571037e+00
6.066135189053941446e+00,9.977156904435562357e-01,6.242998431679211979e-01,2.466275689246265612e-01,6.458701008132514687e+00
6.582313171330612001e+00,1.385741918498917258e+00,6.648987408308754121e-01,2.460828447245657080e-01,6.457356373735017030e+00
7.082247494983389124e+00,1.794304087640556267e+00,7.054103361652094284e-01,2.456934983769808456e-01,6.456425264881611170e+00
7.565114733346641529e+00,2.222655074914725581e+00,7.458699325883018094e-01,2.455968044001196060e-01,6.454069372785182779e+00
8.030105605773650623e+00,2.670025342682671887e+00,7.863036130157415871e-01,2.455547669722623061e-01,6.451950882585162361e+00
8.476507558333839398e+00,3.135685982691857276e+00,8.267152919223759167e-01,2.454773252886023882e-01,6.450315110331965585e+00
8.903628832553565076e+00,3.618871475013904160e+00,8.670983022848178789e-01,2.453413500222622057e-01,6.448635668359319340e+00
9.310789660190222250e+00,4.118756865089165942e+00,9.074370949594526836e-01,2.450945985040252628e-01,6.446661338079637815e+00
9.697352604258796305e+00,4.634476674448909428e+00,9.477040906356284378e-01,2.446544269460339538e-01,6.444482354994685025e+00
1.006274324153709188e+01,5.165137696866120898e+00,9.878577979347152871e-01,2.439329128773489175e-01,6.442211827904706922e+00
1.040645611224951139e+01,5.709814523443472289e+00,1.027841924833893916e+00,2.428409258566409656e-01,6.439816764482442224e+00
1.072805976702204411e+01,6.267540283497766040e+00,1.067583258538260083e+00,2.412738003912577867e-01,6.437162555422002441e+00
1.102720964628560019e+01,6.837303994941259511e+00,1.106987682361934677e+00,2.390975424912862857e-01,6.434122159293771404e+00
1.130366833533626902e+01,7.418056142654053886e+00,1.145935316917894076e+00,2.361452720119568416e-01,6.430632233764352890e+00
1.155732907309799629e+01,8.008718151502764115e+00,1.184275992318399418e+00,2.322217499537273244e-01,6.426677016330852865e+00
1.178823962207860632e+01,8.608191652004020256e+00,1.221825613148337153e+00,2.271097589788652893e-01,6.422239719093001398e+00
1.199662599305201383e+01,9.215366626385229409e+00,1.258363379619416023e+00,2.205744232483438372e-01,6.417264596419620659e+00
1.218291668236919101e+01,9.829130134378660344e+00,1.293629672690486121e+00,2.123652848509529345e-01,6.411648184567040332e+00
1.234776777031677852e+01,1.044837784932837010e+01,1.327324563541586233e+00,2.022178218127750615e-01,6.405254236472721630e+00
1.249208830602482756e+01,1.107202945359109947e+01,1.359107061208224776e+00,1.898557387038889710e-01,6.397936579771545951e+00
1.261706473901288916e+01,1.169904716447228132e+01,1.388595190409923408e+00,1.749941400468063013e-01,6.389556426221991714e+00
1.272418311438289962e+01,1.232845522017095341e+01,1.415366830450643709e+00,1.573429974498984918e-01,6.379988569524694952e+00
1.281524820690178146e+01,1.295935743134189089e+01,1.438961094915734318e+00,1.366106426783680328e-01,6.369118186429663098e+00
1.289239938146381981e+01,1.359094980941646646e+01,1.458880014840267192e+00,1.125080278850398297e-01,6.356833729195283667e+00
1.295812340725701972e+01,1.422252551300339363e+01,1.474590431712030858e+00,8.475557485956584924e-02,6.343021720018722220e+00
1.301526453684104823e+01,1.485346961326551884e+01,1.485526254608516394e+00,5.309513578631208652e-02,6.327567537509573015e+00
1.306703184896068670e+01,1.548324129993023490e+01,1.491091504197290307e+00,1.730970952377274691e-02,6.310363943481291926e+00
1.311700318556232681e+01,1.611134111014825265e+01,1.490664790458676281e+00,-2.274700163990922563e-02,6.291326960007221913e+00
1.316912404254735236e+01,1.673726065879257874e+01,1.483606024860006700e+00,-6.711047209046257234e-02,6.270417018297154144e+00
1.322769852149821546e+01,1.736041236337927529e+01,1.469266275244534015e+00,-1.156561347151643104e-01,6.247662066576067375e+00
1.329736787945806498e+01,1.798003705289919552e+01,1.447001831676514083e+00,-1.680451231298445980e-01,6.223178640240663029e+00
1.338307021861142942e+01,1.859508849849624923e+01,1.416193974746274620e+00,-2.236708966569755097e-01,6.197187049699470762e+00
1.348997227535745758e+01,1.920409634245257635e+01,1.376276966818376302e+00,-2.816121134109055846e-01,6.170018081771972973e+00
1.362336097631471432e+01,1.980501342978799073e+01,1.326778869024477059e+00,-3.405925939638281275e-01,6.142110751331868457e+00
1.378847858404874849e+01,2.039506135898562889e+01,1.267383401523470843e+00,-3.989401463129209624e-01,6.114002728187148961e+00
1.399028175252404083e+01,2.097060087649990479e+01,1.198026560698179699e+00,-4.545231809179315907e-01,6.086315533216213325e+00
1.423310398738829008e+01,2.152707340909025646e+01,1.119048682685961138e+00,-5.046306967574213376e-01,6.059728905031827040e+00
1.452020851984150696e+01,2.205908871306350605e+01,1.031427788051692662e+00,-5.457527764181859808e-01,6.034950992997796249e+00
1.485324305104903431e+01,2.256076348365801110e+01,9.371095150931454398e-01,-5.732623377701253631e-01,6.012596270899015494e+00
1.523167046226075527e+01,2.302643295570252846e+01,8.393854677336285430e-01,-5.811499162133850760e-01,5.993103084986248774e+00
1.565236959094660740e+01,2.345178127291640635e+01,7.430424819616283649e-01,-5.629718924116113854e-01,5.976624026576535798e+00
1.611019158226123693e+01,2.383477627603274485e+01,6.509316834108752614e-01,-5.426977923044353780e-01,5.965539278639759857e+00
1.659979268807768449e+01,2.417449406877221918e+01,5.628660880551362711e-01,-5.247211376783069703e-01,5.956658868880015945e+00
1.711611814402623821e+01,2.447034167804241989e+01,4.782957029832405893e-01,-5.088149355842088717e-01,5.948447917202592805e+00
1.765445811646216612e+01,2.472202551901846235e+01,3.968330347782467182e-01,-4.940374843584385278e-01,5.940202916334360594e+00
1.821041183200076219e+01,2.492959355181462300e+01,3.182776400047039878e-01,-4.796538905449629353e-01,5.931615481295526848e+00
1.877987012313692716e+01,2.509346159824557887e+01,2.425554143443494071e-01,-4.651820741694936978e-01,5.922553591653691996e+00
1.935901899117535052e+01,2.521441547859625842e+01,1.696804592003185175e-01,-4.501917599363023381e-01,5.912955879024854866e+00
1.994435297089621884e+01,2.529360688137074220e+01,9.975627263228550867e-02,-4.341175973450409620e-01,5.902785081517913923e+00
2.053269537192016259e+01,2.533255954991499692e+01,3.299506468170136653e-02,-4.162425171763304288e-01,5.892014652066537295e+00
2.112122942198146447e+01,2.533318288858643541e+01,-3.028761818429821784e-02,-3.959712801507212498e-01,5.880637311483418728e+00
2.170754017221226917e+01,2.529776131609087386e+01,-8.975135047371002317e-02,-3.734036540789557046e-01,5.868688928554490758e+00
2.228965074832247595e+01,2.522886928239222470e+01,-1.451917983255556488e-01,-3.498269614006741524e-01,5.856273522112305230e+00
2.286602181505760001e+01,2.512918592624953718e+01,-1.967080114534556778e-01,-3.274953479964318737e-01,5.843573653781417576e+00
2.343549331037449335e+01,2.500124951974368770e+01,-2.447639564204883988e-01,-3.087238527027933443e-01,5.830861303912167060e+00
2.399718219842904787e+01,2.484723567351521467e+01,-2.901130848458602918e-01,-2.950733108817519268e-01,5.818564665837122618e+00
2.455037918778420192e+01,2.466881826417315793e+01,-3.336514924791065262e-01,-2.870856382100609450e-01,5.807493256231426315e+00
