4.500000000000000000e+00,0.000000000000000000e+00,5.235987755982988157e-01,0.000000000000000000e+00,5.000000000000000000e+00
4.983987558179793886e+00,2.835173658659496665e-01,5.422641985086333882e-01,2.540492862809548003e-01,6.218482084695118317e+00
5.514446520961944209e+00,6.178896993717171160e-01,5.824204700933052203e-01,2.474705678624607996e-01,6.323358426730569803e+00
6.034952954718312057e+00,9.758191787590934085e-01,6.223882630916202086e-01,2.482529854040129713e-01,6.311412386945640662e+00
6.540136662416090374e+00,1.353823761068193798e+00,6.623741698886389528e-01,2.482487651337264012e-01,6.308430549525629871e+00
7.029697193523142928e+00,1.751618192558361597e+00,7.023110901105078518e-01,2.477818994485827542e-01,6.308428251577486989e+00
7.502920319366378266e+00,2.168552348518073991e+00,7.421745161080877118e-01,2.474539682589845802e-01,6.306275810524901715e+00
7.958980115022506574e+00,2.603820749820277669e+00,7.819694133524173196e-01,2.471589665966830163e-01,6.303269362840637768e+00
8.397185121656299600e+00,3.056673508013097784e+00,8.216907292701844945e-01,2.467849969997500947e-01,6.300721496119487952e+00
8.816923025904218392e+00,3.526376356940751133e+00,8.613256266132439665e-01,2.463054848155312726e-01,6.298526481152029177e+00
9.217598702218854356e+00,4.012144800928596489e+00,9.008535201660613501e-01,2.456788934948824776e-01,6.296132870502146872e+00
9.598640983962576811e+00,4.513134025892259871e+00,9.402388065953489749e-01,2.447962824660021020e-01,6.293301450818056253e+00
9.959538561976456705e+00,5.028459254600847750e+00,9.794232964878607506e-01,2.434997201009960754e-01,6.290144840203515386e+00
1.029986836153022089e+01,5.557210286220983342e+00,1.018322665607595878e+00,2.416203468661173304e-01,6.286848260412716272e+00
1.061930982829514214e+01,6.098449249844103193e+00,1.056826131074562802e+00,2.389966992388813938e-01,6.283454321276851218e+00
1.091765447225781926e+01,6.651199920405576727e+00,1.094796516958467247e+00,2.354692278510697179e-01,6.279829272585821798e+00
1.119481984795662655e+01,7.214440611591530050e+00,1.132068952208823420e+00,2.308656718097004124e-01,6.275748696763105983e+00
1.145087077248914120e+01,7.787107016112274849e+00,1.168448254489667049e+00,2.249905172327389957e-01,6.271000513497702045e+00
1.168604551385657508e+01,8.368104562949032044e+00,1.203705977039398523e+00,2.176228102269491815e-01,6.265442513593324492e+00
1.190078317187462709e+01,8.956326179014894251e+00,1.237578010246219939e+00,2.085199886279614501e-01,6.259004375692649447e+00
1.209574946377469296e+01,9.550671128786317965e+00,1.269763123564875196e+00,1.974237034874803398e-01,6.251655915997416102e+00
1.227185977986953702e+01,1.015006225534445505e+01,1.299922424800673548e+00,1.840650613930857604e-01,6.243369537025484917e+00
1.243029950002661543e+01,1.075346071421883742e+01,1.327679575446242932e+00,1.681688210059936461e-01,6.234095548245175422e+00
1.257254188042184673e+01,1.135987818885164025e+01,1.352621647059994991e+00,1.494573758174696787e-01,6.223756062892302765e+00
1.270036361940522696e+01,1.196838645588729833e+01,1.374300584497866851e+00,1.276556934818054156e-01,6.212253848983841920e+00
1.281585789638724826e+01,1.257812339535360202e+01,1.392235277428869544e+00,1.024982960239037288e-01,6.199488889144966208e+00
1.292144448911325405e+01,1.318829360894489433e+01,1.405914247543502027e+00,7.373937649088860291e-02,6.185376195287251022e+00
1.301987652132639539e+01,1.379816108643501416e+01,1.414798993959725415e+00,4.116737273555759469e-02,6.169861219868035818e+00
1.311424332794564052e+01,1.440703100089373123e+01,1.418328141638010242e+00,4.625477530020773165e-03,6.152931932735423715e+00
1.320796866487748744e+01,1.501421770224054342e+01,1.415922698790249568e+00,-3.596076082757594661e-02,6.134628141022542280e+00
1.330480289764716240e+01,1.561899623373179047e+01,1.406992919687815924e+00,-8.054863561955674656e-02,6.115048712431407907e+00
1.340880680014467430e+01,1.622053518203960465e+01,1.390947495383767718e+00,-1.289377312273386478e-01,6.094356527548310254e+00
1.352432312658095093e+01,1.681780949155631077e+01,1.367206154801506424e+00,-1.807264858602682100e-01,6.072780121973906375e+00
1.365593010794943396e+01,1.740949333173742630e+01,1.335217462308686098e+00,-2.352690136406877797e-01,6.050610931977171703e+00
1.380836838344062656e+01,1.799383575605429186e+01,1.294484932337841565e+00,-2.916337294457029272e-01,6.028196184317797801e+00
1.398642965262492233e+01,1.856852658227009201e+01,1.244606830354031413e+00,-3.485616551877447344e-01,6.005929303498867000e+00
1.419479199852309392e+01,1.913056783443314046e+01,1.185338369885579946e+00,-4.044168407367916274e-01,5.984240893286942864e+00
1.443778474506522791e+01,1.967617863969118019e+01,1.116689355558077690e+00,-4.571142100164355959e-01,5.963591866103747918e+00
1.471906776172588138e+01,2.020077991103939041e+01,1.039074762452302902e+00,-5.040016546023158295e-01,5.944465223442012558e+00
1.504122105312807633e+01,2.069912818484153405e+01,9.535364261034242617e-01,-5.416727922020176944e-01,5.927325372676710558e+00
1.540527090510613561e+01,2.116569258352759775e+01,8.620383174074252031e-01,-5.657169472690577461e-01,5.912591233242023847e+00
1.581023397253711238e+01,2.159536018892746512e+01,7.677682368116405254e-01,-5.706590015620955914e-01,5.900412134996830815e+00
1.625289542896302564e+01,2.198444686820357319e+01,6.749898989764551160e-01,-5.529173964276419273e-01,5.890887497492025560e+00
1.672833837203254959e+01,2.233134595581630322e+01,5.864468336313500840e-01,-5.301866944593154329e-01,5.883854264378660659e+00
1.723133913879351908e+01,2.263565611306664849e+01,5.024304563955785952e-01,-5.081311657485938493e-01,5.877401042826431166e+00
1.775697841861806126e+01,2.289750264744424157e+01,4.225237269222839598e-01,-4.884876142511369590e-01,5.870685038165586178e+00
1.830080321178521530e+01,2.311729101911340223e+01,3.461695719659617643e-01,-4.714112904201468446e-01,5.863360037317262297e+00
1.885880799075867742e+01,2.329560262315083108e+01,2.728835537320930538e-01,-4.563457909022506920e-01,5.855308723635284096e+00
1.942737134723686054e+01,2.343317313146042480e+01,2.023315895430602140e-01,-4.424611693214259844e-01,5.846518675670946408e+00
2.000319952141268587e+01,2.353091417939331720e+01,1.343451743439832424e-01,-4.288899066506580704e-01,5.837022342838675826e+00
2.058329354440958525e+01,2.358995105887452581e+01,6.890992276667431971e-02,-4.148118177948257879e-01,5.826866729595083783e+00
2.116494127798897651e+01,2.361166149587526064e+01,6.148864440383064629e-03,-3.994505957638062599e-01,5.816099514469401655e+00
2.174573036848180152e+01,2.359770872496124383e+01,-5.369617662067358715e-02,-3.821109882509300393e-01,5.804767895360773977e+00
2.232357653640751138e+01,2.355005882530243255e+01,-1.103054048475988203e-01,-3.624126733667355493e-01,5.792930151629791524e+00
2.289675668381316243e+01,2.347095833882082161e+01,-1.633745741003224672e-01,-3.407265007783656374e-01,5.780677010958266138e+00
2.346392643844858839e+01,2.336284123232164944e+01,-2.127581853404396095e-01,-3.184509126365487885e-01,5.768151532493908107e+00
2.402409819350028641e+01,2.322815914324706554e+01,-2.585957010340672046e-01,-2.976818789350733629e-01,5.755559461951760269e+00
2.457657202197333035e+01,2.306917707756591085e+01,-3.013416693449276762e-01,-2.804287423902347420e-01,5.743187608341973061e+00
2.512083962763312073e+01,2.288779959767723682e+01,-3.416894723242623333e-01,-2.679876308235574767e-01,5.731474418082500577e+00
2.565649847883785384e+01,2.268546682415777838e+01,-3.804437624236347015e-01,-2.607526465401361904e-01,5.721210770487035191e+00
