4.500000000000000000e+00,0.000000000000000000e+00,5.235987755982988157e-01,0.000000000000000000e+00,5.000000000000000000e+00
5.002438242299096949e+00,2.944771086046424902e-01,5.428146921585642604e-01,2.493524413212921953e-01,6.647698068353883549e+00
5.560634481324902012e+00,6.477474472069301159e-01,5.860771585084842972e-01,2.630384758662962508e-01,6.565190238218407082e+00
6.099474460647044793e+00,1.022912361816574967e+00,6.303487584661673360e-01,2.638040533595065185e-01,6.567481310493360702e+00
6.622254868964941643e+00,1.422374401631124163e+00,6.745002428415937112e-01,2.606479017435453516e-01,6.592147884779277156e+00
7.128481191322221022e+00,1.845707133741577133e+00,7.183716443200129920e-01,2.591328310795548706e-01,6.607027012351202266e+00
7.616276538978326904e+00,2.291365542857187076e+00,7.622244641150244249e-01,2.598224400844501014e-01,6.608504549250699078e+00
8.083809777740802005e+00,2.757813463967807799e+00,8.063125149290583105e-01,2.620175713782507687e-01,6.601062416957618417e+00
8.529618860290078430e+00,3.243821088058885138e+00,8.507988504372232530e-01,2.650216620318457394e-01,6.590160233449146254e+00
8.952563092382202825e+00,3.748454478936831702e+00,8.957788207525438917e-01,2.684199893342087417e-01,6.579650461494733982e+00
9.351674851293063639e+00,4.270959291310636452e+00,9.413171024750944804e-01,2.720602204028577109e-01,6.571413214079439236e+00
9.726026553972745958e+00,4.810635964003468601e+00,9.874755201651232994e-01,2.759682035691685131e-01,6.565811911118729860e+00
1.007464518385590857e+01,5.366743609167811790e+00,1.034328749224491473e+00,2.802593416734194265e-01,6.562317854453557864e+00
1.039647226259458002e+01,5.938440266478530738e+00,1.081969235511908600e+00,2.850633821206338125e-01,6.560047046923215497e+00
1.069035678396847722e+01,6.524753630319965580e+00,1.130503702215203132e+00,2.904705733241124688e-01,6.558122298495571378e+00
1.095506849470245214e+01,7.124571418117310095e+00,1.180043898566252247e+00,2.964994029899836181e-01,6.555864020531990910e+00
1.118932274604503085e+01,7.736641025729201537e+00,1.230693910460731511e+00,3.030810883938105937e-01,6.552852054264234560e+00
1.139181248710882777e+01,8.359571194486903778e+00,1.282535664087775418e+00,3.100546427116212533e-01,6.548906518694036727e+00
1.156124632918381323e+01,8.991832151740434043e+00,1.335613521466721521e+00,3.171670330223374523e-01,6.544028221366690268e+00
1.169639365639210915e+01,9.631754167247713383e+00,1.389918272784690378e+00,3.240743757887598053e-01,6.538328224437027991e+00
1.179613857945552802e+01,1.027752727564276469e+01,1.445370459892681092e+00,3.303417175790195892e-01,6.531964565192351024e+00
1.185954433068065050e+01,1.092720685990736307e+01,1.501802842778296343e+00,3.354403290148244010e-01,6.525094078891634730e+00
1.188592873039103637e+01,1.157873086021222164e+01,1.558941922845890504e+00,3.387423604007527289e-01,6.517840534682325604e+00
1.187494986154438514e+01,1.222995462859107718e+01,1.616388718626561971e+00,3.395132305655106930e-01,6.510276975014307688e+00
1.182669929147933630e+01,1.287870887946972509e+01,1.673599412524238383e+00,3.369025363166854858e-01,6.502419092624060148e+00
1.174179832751606867e+01,1.352288464603093487e+01,1.729867023954054783e+00,3.299349525489958523e-01,6.494226542489104581e+00
1.162149123237746728e+01,1.416054644306308141e+01,1.784305876824995529e+00,3.175039051215128305e-01,6.485609755264255760e+00
1.146772852606617299e+01,1.479007084257389337e+01,1.835841208198383701e+00,2.983728421579390222e-01,6.476441010349240024e+00
1.128323404335513835e+01,1.541030251730281719e+01,1.883206495504459177e+00,2.711909010020730482e-01,6.466570168723765555e+00
1.107155196990421153e+01,1.602071405519250646e+01,1.924950254095670221e+00,2.345291311195530359e-01,6.455847283745618448e+00
1.083707537669073950e+01,1.662155066947065762e+01,1.959451006183855482e+00,1.869358769336266213e-01,6.444155906945034040e+00
1.058492660699348598e+01,1.721387080237271050e+01,1.985653545384961749e+00,1.357553999147582124e-01,6.431338508304146551e+00
1.032037694078231205e+01,1.779931332026696111e+01,2.003364182461471188e+00,8.382834557756892180e-02,6.417634920042382340e+00
1.004853551813831380e+01,1.837986964472048257e+01,2.012691416673427991e+00,3.239505746018581100e-02,6.403385678057790464e+00
9.774274365436262713e+00,1.895770410177976828e+01,2.013869249689468344e+00,-1.768550020577929968e-02,6.388985852533587639e+00
9.502218256184921330e+00,1.953500144558550389e+01,2.007232472211957219e+00,-6.546320428928574520e-02,6.374842372368022758e+00
9.236732030980382646e+00,2.011382444732630148e+01,1.993250221008325829e+00,-1.097281515617532510e-01,6.361336602531481255e+00
8.981874663463081276e+00,2.069597705634662432e+01,1.972584707162730489e+00,-1.489444853588375584e-01,6.348790566469809882e+00
8.741300660941544010e+00,2.128287695281266423e+01,1.946165814182176712e+00,-1.812017805684897898e-01,6.337434311240749629e+00
8.518092961637648841e+00,2.187544749215503614e+01,1.915278147984111445e+00,-2.041629990778073278e-01,6.327373737129179609e+00
8.314517008420832411e+00,2.247404358905978228e+01,1.881651530930946059e+00,-2.150406524782277340e-01,6.318544632875661371e+00
8.131703537375335245e+00,2.307841793283684595e+01,1.847527819428095963e+00,-2.107295734499164408e-01,6.310434774554866344e+00
7.969578432387513622e+00,2.368799142972465432e+01,1.814040692917676667e+00,-2.077513793247359464e-01,6.305453303625555783e+00
7.827919605248989221e+00,2.430215601251222068e+01,1.780981041885914440e+00,-2.058427276996885047e-01,6.300918773571807741e+00
7.706626012494180777e+00,2.492016535950522993e+01,1.748270302399647091e+00,-2.038178903177700618e-01,6.295637233065231264e+00
7.605584382771430896e+00,2.554121574425093399e+01,1.715950387637241725e+00,-2.014471227772340611e-01,6.289233949065459406e+00
7.524619301190865528e+00,2.616450065537101821e+01,1.684064997771119288e+00,-1.989449612964905023e-01,6.281730940794271412e+00
7.463503913480139751e+00,2.678924473877993151e+01,1.652622495981417750e+00,-1.965180517630027157e-01,6.273311479375073496e+00
7.421981862656730655e+00,2.741471827332241062e+01,1.621607551524881563e+00,-1.942357649546355425e-01,6.264195818417216621e+00
7.399780252527308200e+00,2.804023869084628018e+01,1.590999787755709161e+00,-1.920781182419100952e-01,6.254578737671526945e+00
7.396614309126285924e+00,2.866516687932737995e+01,1.560780001881205470e+00,-1.900407129575037712e-01,6.244621029187084282e+00
7.412193335749405421e+00,2.928890162872781744e+01,1.530916644329582077e+00,-1.882737957339838675e-01,6.234428233374575079e+00
7.446241325171872205e+00,2.991087352680382239e+01,1.501329220572935608e+00,-1.872305106645582862e-01,6.224088765898389219e+00
7.498540759155876145e+00,3.053053770265966449e+01,1.471857344626909425e+00,-1.874504752734134916e-01,6.213707093148758354e+00
7.568968041560872884e+00,3.114734097260850731e+01,1.442327775532633138e+00,-1.885708561253923443e-01,6.202963687636228407e+00
7.657429879918177029e+00,3.176070030908895347e+01,1.412804602625208128e+00,-1.880252615496446900e-01,6.191600734560108954e+00
7.763633751148247164e+00,3.237004466092629684e+01,1.383815492943203607e+00,-1.825990218184569691e-01,6.179439565098484799e+00
7.886877811137178007e+00,3.297492079605178361e+01,1.356008243290227844e+00,-1.739290641926579950e-01,6.167038373013554953e+00
8.026173504624507515e+00,3.357502862349492290e+01,1.329666944989938315e+00,-1.648382250211685440e-01,6.154562853057682581e+00
8.180519979275395315e+00,3.417015348220040494e+01,1.304558201631440761e+00,-1.590064658287062838e-01,6.142043048026958552e+00
