4.500000000000000000e+00,-4.000000000000000000e+00,1.570796326794896558e+00,0.000000000000000000e+00,8.000000000000000000e+00
4.496757944766587300e+00,-3.272629570940741583e+00,1.584409724095511285e+00,1.542795736311828592e-01,6.547671719277155411e+00
4.480805711940518243e+00,-2.660550460594067523e+00,1.609855695479378790e+00,1.756515664743877603e-01,5.698397580991108491e+00
4.452638687180910715e+00,-2.114394092893456811e+00,1.635134709001455189e+00,1.901972200079572184e-01,5.239537953742002152e+00
4.413230172060783829e+00,-1.602819032635352414e+00,1.660419223068667183e+00,1.990934331094638410e-01,5.022549528511331296e+00
4.362379719901288588e+00,-1.106910594594686215e+00,1.685525971960703639e+00,1.984829673690819696e-01,4.947886808733160002e+00
4.299686350358277842e+00,-6.159802966875626007e-01,1.709941096853685449e+00,1.911545396434556066e-01,4.950702668735085688e+00
4.224939933740468057e+00,-1.246079903308774106e-01,1.733365395453850155e+00,1.815056337287849486e-01,4.990022987539231458e+00
4.138172396866490743e+00,3.693716784086306659e-01,1.755781790642976015e+00,1.723216390630586681e-01,5.041029846699614403e+00
4.039610686303721110e+00,8.662138346044738757e-01,1.777307269009719803e+00,1.644356616394813397e-01,5.089645273338965659e+00
3.929632420864169084e+00,1.365147138985304043e+00,1.798049507605403496e+00,1.575439469080176236e-01,5.128750300252751693e+00
3.808742626363914585e+00,1.864942063195399014e+00,1.818041230375629258e+00,1.510136139348378925e-01,5.155570102895528528e+00
3.677559201425190771e+00,2.364262494159076411e+00,1.837239826014029909e+00,1.443179876036230491e-01,5.169896874241371343e+00
3.536794694385094751e+00,2.861868936906182270e+00,1.855555919090066119e+00,1.371525067402200038e-01,5.172913093567175657e+00
3.387231509407684804e+00,3.356722123927429635e+00,1.872883070061384103e+00,1.293903236196348727e-01,5.166439107205456516e+00
3.229694508069080428e+00,3.848022593075486331e+00,1.889116838488726913e+00,1.210007240957918367e-01,5.152473708929224294e+00
3.065026333384377022e+00,4.335211759685805966e+00,1.904162878832131645e+00,1.119887212234045998e-01,5.132931128628313466e+00
2.894068782490589520e+00,4.817951987542240744e+00,1.917938314767094310e+00,1.023675950890900049e-01,5.109505295789509738e+00
2.717650917256612342e+00,5.296096916674390087e+00,1.930370650145410982e+00,9.215493108723804561e-02,5.083613612658351322e+00
2.536582814181473466e+00,5.769658779071779264e+00,1.941396756566532655e+00,8.137877903329363005e-02,5.056388367653810612e+00
2.351653881039455385e+00,6.238775596210228258e+00,1.950960716707802023e+00,7.005179422703503023e-02,5.028674594238931483e+00
2.163634160252212002e+00,6.703682200911559974e+00,1.959013701407888330e+00,5.822489066885430664e-02,5.001099608921147244e+00
1.973288977738805405e+00,7.164647543085153281e+00,1.965529578567215330e+00,4.618936086562334259e-02,4.973291921220071465e+00
1.781381641445025865e+00,7.621947965202464204e+00,1.970462192525982648e+00,3.332409790171065450e-02,4.945429798274381561e+00
1.588629196499386165e+00,8.076018951678193503e+00,1.973746077965571111e+00,1.990812023549649867e-02,4.920353199728382698e+00
1.395680157497718232e+00,8.527377319445628601e+00,1.975596249221276857e+00,1.023502231260732011e-02,4.897055358926174939e+00
1.203021977177757273e+00,8.976580434879265269e+00,1.976050500395517329e+00,-2.808503903396700717e-03,4.878436819228924470e+00
1.011267745873200008e+00,9.424102916048042289e+00,1.974901107134796607e+00,-1.608557174895022812e-02,4.859038897344556851e+00
8.211571652496657547e-01,9.870290622802254887e+00,1.971910701329491866e+00,-3.324007969631791876e-02,4.840975107058860694e+00
6.335803995329384319e-01,1.031536206008674483e+01,1.967162627915828077e+00,-4.537333191227125445e-02,4.818715700499612176e+00
4.492429728114888943e-01,1.075952794751765218e+01,1.960952708765697716e+00,-5.784706238916342141e-02,4.799275073683094028e+00
2.687552559030872423e-01,1.120292595569181948e+01,1.953671169294837417e+00,-6.368961644123571908e-02,4.775245746645373934e+00
9.254633216067253976e-02,1.164549104194352935e+01,1.945585058142401014e+00,-7.190779275845277096e-02,4.751866660636950179e+00
-7.881952257311690413e-02,1.208762175503803249e+01,1.934776369778820726e+00,-1.099495979563991782e-01,4.731761733229247646e+00
-2.436323988708904431e-01,1.253046018308165444e+01,1.918223189496503611e+00,-1.684387803246240045e-01,4.718619629666254589e+00
-3.993903480319795918e-01,1.297509450410452736e+01,1.896797320760448047e+00,-1.914384962974671478e-01,4.704091478713102070e+00
-5.446848935208723486e-01,1.342170964229005214e+01,1.873746835917556419e+00,-1.962613387900657702e-01,4.689211526506052330e+00
-6.791827630618388900e-01,1.387013714546866439e+01,1.850714577525793159e+00,-1.923385380367947650e-01,4.674262017551582993e+00
-8.030745319572411001e-01,1.432005132199203423e+01,1.828443794062710959e+00,-1.848992921900660391e-01,4.659139037334861122e+00
-9.167658546968384670e-01,1.477107208008754213e+01,1.807169692757726542e+00,-1.769895051244979312e-01,4.643626167970629659e+00
-1.020702889207525832e+00,1.522282013070029016e+01,1.786839510784717033e+00,-1.703253525019279568e-01,4.627546569465155635e+00
-1.115277463949187142e+00,1.567494573819577397e+01,1.767254141321895844e+00,-1.656743582424668737e-01,4.610824187500671911e+00
-1.200785555118858206e+00,1.612714078538166618e+01,1.748166366941263705e+00,-1.631347494687315491e-01,4.593488386976080307e+00
-1.277421565763887212e+00,1.657914009627222285e+01,1.729344109471881774e+00,-1.624044655380462998e-01,4.575648112220308761e+00
-1.345293410740597162e+00,1.703071647307122660e+01,1.710602925721662171e+00,-1.630144428850374416e-01,4.557454646390105779e+00
-1.404446090163470995e+00,1.748167281531826944e+01,1.691814949348814157e+00,-1.644917817639412749e-01,4.539066604033109797e+00
-1.454885360621183343e+00,1.793183369323207899e+01,1.672903418555935051e+00,-1.664455021189833739e-01,4.520625477660530578e+00
-1.496597185415352138e+00,1.838103789120939169e+01,1.653831027434990553e+00,-1.685916050150406964e-01,4.502244517156656300e+00
-1.529561730956900290e+00,1.882913268687099162e+01,1.634587587479489734e+00,-1.707445974078216910e-01,4.484008027576548372e+00
-1.553762201539569343e+00,1.927596679255493228e+01,1.615179587943853301e+00,-1.727992764571195383e-01,4.465911893295849922e+00
-1.569189891747662324e+00,1.972138677846568200e+01,1.595621002392561216e+00,-1.747287963326543403e-01,4.447971879436142473e+00
-1.575846100646611125e+00,2.016523694535742806e+01,1.575928440326999969e+00,-1.765112716474284416e-01,4.430173056377325835e+00
-1.573742996543169737e+00,2.060735667361609913e+01,1.556119323936137278e+00,-1.781537485770439966e-01,4.412466126914903697e+00
-1.562903675112095936e+00,2.104757871043956641e+01,1.536209650154054973e+00,-1.796754983100195824e-01,4.394788569803148803e+00
-1.543362139613979611e+00,2.148572322350136332e+01,1.516214091151523391e+00,-1.810876139927827533e-01,4.376959145796183392e+00
-1.515164134437579690e+00,2.192159420706585493e+01,1.496147105563617741e+00,-1.823938494403967436e-01,4.358830318110666013e+00
-1.478367356265174237e+00,2.235498943409871586e+01,1.476021847710357937e+00,-1.836176109724626804e-01,4.340406688530341839e+00
-1.433040835527765067e+00,2.278570486377146409e+01,1.455850604913189850e+00,-1.847521351761019226e-01,4.321616974224008700e+00
-1.379264482476206366e+00,2.321354134100474909e+01,1.435647083309684602e+00,-1.857749639491262650e-01,4.302587851087288584e+00
-1.317128111015172465e+00,2.363831284929115029e+01,1.415425216902270744e+00,-1.866936673762553400e-01,4.283401739980380540e+00
-1.246730397550911862e+00,2.405984384398900389e+01,1.395196536576291946e+00,-1.875354631868727806e-01,4.264122950531920253e+00
-1.168176645454490181e+00,2.447796986668413410e+01,1.374968842622168452e+00,-1.883320239239432980e-01,4.244842543345072272e+00
-1.081576841952697654e+00,2.489253573348151605e+01,1.354746763684110622e+00,-1.891028098682883962e-01,4.225588291729621915e+00
-9.870451114404470427e-01,2.530339092830672953e+01,1.334533473686159821e+00,-1.898529406336876557e-01,4.206357888306783366e+00
-8.846994515481183541e-01,2.571038861873850934e+01,1.314332081318619450e+00,-1.905777050851900356e-01,4.187157317800624057e+00
-7.746607449994515893e-01,2.611338900925661122e+01,1.294145624421097818e+00,-1.912793732572206917e-01,4.168050831580329074e+00
-6.570528141278655365e-01,2.651225758749540873e+01,1.273977143657418987e+00,-1.919534532286923112e-01,4.149007061975055421e+00
-5.320022171974754244e-01,2.690686521879628046e+01,1.253829764207847308e+00,-1.926006405537971922e-01,4.130090252105430793e+00
-3.996380514412185558e-01,2.729708795990794457e+01,1.233706610529347492e+00,-1.932181950099620404e-01,4.111263760196756323e+00
-2.600936673904384322e-01,2.768280181869521783e+01,1.213610790793394401e+00,-1.938122665667102174e-01,4.092478756985412858e+00
-1.135037071763846106e-01,2.806389084686984958e+01,1.193545406498161210e+00,-1.943721627057975743e-01,4.073868225241067620e+00
3.999705860367887278e-02,2.844024904193138426e+01,1.173513347114963024e+00,-1.949059140453859584e-01,4.055424506497237402e+00
2.002715948800928292e-01,2.881177308425269956e+01,1.153516464005285069e+00,-1.954256240681734036e-01,4.037127542788349288e+00
3.671811050933558307e-01,2.917836253725384310e+01,1.133556052436836881e+00,-1.959301881955568814e-01,4.018975698563419741e+00
5.405897390486269494e-01,2.953992953821137846e+01,1.113633767822588938e+00,-1.964041146157568807e-01,4.001163180098576078e+00
7.203662025073663822e-01,2.989640051981860935e+01,1.093751376451892465e+00,-1.968486567961668932e-01,3.983732270184975555e+00
9.063807340116900590e-01,3.024770798624090418e+01,1.073910046180327260e+00,-1.972701565354947617e-01,3.966702335028168491e+00
1.098508549033659465e+00,3.059379538677282540e+01,1.054110225730278350e+00,-1.976665750402342436e-01,3.950234071617585663e+00
1.296635209461964644e+00,3.093462452754605252e+01,1.034352707901122326e+00,-1.980146164071100168e-01,3.934529276349433502e+00
1.500653616352845221e+00,3.127016839047594488e+01,1.014639017773119267e+00,-1.983117218071503152e-01,3.919595467091689045e+00
1.710464036984184810e+00,3.160040978124784772e+01,9.949714810255849695e-01,-1.985339105646910240e-01,3.905613112985210300e+00
1.925978545185829338e+00,3.192534739864984417e+01,9.753535629351525182e-01,-1.986641443585987210e-01,3.892741443261699352e+00
2.147120190886405933e+00,3.224499266569097955e+01,9.557889890502511143e-01,-1.986984510653902192e-01,3.881100420296665021e+00
2.373823310130732001e+00,3.255936823876886876e+01,9.362819390675822806e-01,-1.986168942255655823e-01,3.870830153507615279e+00
2.606028368357374614e+00,3.286849999400295275e+01,9.168376718077245746e-01,-1.984125986429224608e-01,3.861862544684976584e+00
2.843679852690865761e+00,3.317241427389072328e+01,8.974622304152847230e-01,-1.980750365716374140e-01,3.854270527967446291e+00
3.086727969850094677e+00,3.347114001403523531e+01,8.781607395627053503e-01,-1.976288580048271293e-01,3.848042359121900624e+00
3.335127489467424766e+00,3.376470606674087094e+01,8.589374592235711203e-01,-1.970657631973099233e-01,3.843196883875975800e+00
3.588836250495775371e+00,3.405313927648083450e+01,8.397959907720389250e-01,-1.964091562332248297e-01,3.839676471606167318e+00
3.847812949724411791e+00,3.433646148345798821e+01,8.207387689184136859e-01,-1.956649421050790372e-01,3.837428790696243652e+00
4.112015559595347369e+00,3.461468804144070077e+01,8.017675303746911730e-01,-1.948495087536053216e-01,3.836356506572359493e+00
4.381397019009530602e+00,3.488782360079309086e+01,7.828823413899038686e-01,-1.939943070195604136e-01,3.836290456241190583e+00
4.655901761723785448e+00,3.515585917516278869e+01,7.640820992244409249e-01,-1.931099918243400493e-01,3.837046718689384406e+00
4.935461545103118297e+00,3.541876971388087725e+01,7.453652313751257807e-01,-1.922182055076887275e-01,3.838366583771687601e+00
5.219990763013464097e+00,3.567651183968374085e+01,7.267303292859845776e-01,-1.913212064120669853e-01,3.839970332191166236e+00
5.509388839605793287e+00,3.592902890100636171e+01,7.081769088018263769e-01,-1.904197532052240016e-01,3.841705127855131963e+00
5.803549788728252778e+00,3.617626136105335632e+01,6.897048227668842735e-01,-1.895138983499586038e-01,3.843573055643315861e+00
6.102367862989058089e+00,3.641815210537585301e+01,6.713139184561607298e-01,-1.886036942489119073e-01,3.845576173484483107e+00
6.405737603472587693e+00,3.665464639215099396e+01,6.530040379855529542e-01,-1.876891932369053884e-01,3.847716513504434666e+00
6.713553887093290484e+00,3.688569180220495980e+01,6.347750187147125356e-01,-1.867704475736153558e-01,3.849996083064234575e+00
7.025711971633580077e+00,3.711123818885322834e+01,6.166266936431389345e-01,-1.858475094364708535e-01,3.852416865712315008e+00
7.342107538514063059e+00,3.733123762762987496e+01,5.985588917999007386e-01,-1.849204309137944258e-01,3.854980822067725299e+00
7.662636733346298357e+00,3.754564436597533472e+01,5.805714386266975779e-01,-1.839892640102372134e-01,3.857689890646830655e+00
7.987196204331714178e+00,3.775441477294398851e+01,5.626641562702899835e-01,-1.830540623217549456e-01,3.860545988783127491e+00
8.315683139945210911e+00,3.795750728832813081e+01,5.448368540784027658e-01,-1.821150746807226051e-01,3.863551030051985080e+00
8.647995431466357630e+00,3.815488230789726032e+01,5.270884305479058840e-01,-1.811902696947137181e-01,3.866708449020438643e+00
8.984039988415794653e+00,3.834649776657846587e+01,5.093594115665509570e-01,-1.814249025042099783e-01,3.870121597795574075e+00
9.324034429825614367e+00,3.853214245506253377e+01,4.895149224165501467e-01,-2.227253418403343510e-01,3.877525742567583755e+00
9.671486366715015492e+00,3.870964533958352405e+01,4.485386451797060969e-01,-5.637700719255918091e-01,3.926359552086195137e+00
1.005042219624601074e+01,3.887162766083375232e+01,3.451528966856860503e-01,-9.753747113336158625e-01,4.319383009147117036e+00
1.053990712176034350e+01,3.900384040022650822e+01,1.925325430620275224e-01,-7.811736088148518720e-01,5.830918242909755911e+00
1.121127153678787636e+01,3.908755848602930172e+01,6.836784552944320803e-02,-4.876961594704638525e-01,7.708986448724424179e+00
1.206684698391257449e+01,3.910067335878835593e+01,-3.424757075420192809e-02,-4.086255442673848437e-01,9.412034736840819704e+00
1.306020130825344339e+01,3.901404047135879694e+01,-1.385298279231052809e-01,-3.838933246888222017e-01,1.053950037648428761e+01
1.412300087012457439e+01,3.880899357694495677e+01,-2.400909896408496835e-01,-3.342121075573735167e-01,1.111778130633162220e+01
1.519988257904576834e+01,3.849166687047371482e+01,-3.307837813266495397e-01,-2.907187825536945991e-01,1.134316096598954715e+01
1.625566544246152034e+01,3.807922367750738601e+01,-4.132944626342373029e-01,-2.757984271392090458e-01,1.133295881768498603e+01
1.726866544446135876e+01,3.758558144004008028e+01,-4.938623083056158936e-01,-2.811691879665802474e-01,1.121067697289733545e+01
1.822763381655092729e+01,3.701789852250064428e+01,-5.755212442328917488e-01,-2.889308857401125530e-01,1.108348867750734712e+01
1.912675683582808617e+01,3.638042955034921988e+01,-6.581958684317642527e-01,-2.939102725295973384e-01,1.096628285730730568e+01
1.996326552865291859e+01,3.567663157209361202e+01,-7.405911851413865543e-01,-2.915663565157062820e-01,1.090383129870710732e+01
2.073705625668554120e+01,3.490955406012308515e+01,-8.210561507369045220e-01,-2.827465287258080773e-01,1.089342310751458598e+01
2.144889725538776304e+01,3.408264866960751505e+01,-8.983667920377133020e-01,-2.694842861285990931e-01,1.093392927866020159e+01
2.210014939157642999e+01,3.319935326898144012e+01,-9.717941573399614397e-01,-2.534258269193552238e-01,1.101948851150890363e+01
2.269222505423661929e+01,3.226326817765693278e+01,-1.041011781853561802e+00,-2.363995392411203378e-01,1.113721555415628117e+01
2.322616706759000138e+01,3.127843437033391893e+01,-1.106205602595303317e+00,-2.209585210985587911e-01,1.127203533217068454e+01
2.370236891158756265e+01,3.024937636855727874e+01,-1.167906801374968051e+00,-2.076308298585478052e-01,1.140955684038816642e+01
2.412065554389237221e+01,2.918115932897475417e+01,-1.226697543023453907e+00,-1.967066044213392484e-01,1.153760408009382843e+01
2.448042537702386312e+01,2.807940218104673846e+01,-1.283242331182862905e+00,-1.887066188751324591e-01,1.164567542001373468e+01
2.478092178576878624e+01,2.694951574989948995e+01,-1.338183591092593883e+00,-1.828543614523520655e-01,1.174051999973105609e+01
2.502111388629536748e+01,2.579746036052901204e+01,-1.392179537629902875e+00,-1.801255368604729457e-01,1.179889716098355024e+01
2.519959913030416843e+01,2.462992505177348690e+01,-1.446044818702376222e+00,-1.807117008380518808e-01,1.182594589259732487e+01
2.531478949852142435e+01,2.345340273550517196e+01,-1.500508698699151156e+00,-1.837304596087780406e-01,1.181993391480398614e+01
2.536519887834072762e+01,2.227339076858230626e+01,-1.555853288266366041e+00,-1.867957789920280387e-01,1.180484521285533717e+01
2.534979921397845715e+01,2.109461805920084387e+01,-1.612018360248008930e+00,-1.897848211750411407e-01,1.177571999526474400e+01
2.526802207732841765e+01,1.992222126626044343e+01,-1.669046518390794320e+00,-1.935944604181739082e-01,1.173237335376404289e+01
2.511964114371109957e+01,1.876134900046350751e+01,-1.726999642711469329e+00,-1.974458576590502057e-01,1.167723766460124324e+01
2.490489830545396188e+01,1.761692465721687029e+01,-1.785725552641132863e+00,-2.006339660363907207e-01,1.161405931097922561e+01
2.462463229992770763e+01,1.649347288514971765e+01,-1.844934458446262360e+00,-2.028285752953640775e-01,1.154698261867945774e+01
2.428027272610817633e+01,1.539500706028613486e+01,-1.904285788868762541e+00,-2.038682267395950376e-01,1.147995609394106609e+01
2.387376167825825135e+01,1.432497241754574091e+01,-1.963423230950011256e+00,-2.036497682412478083e-01,1.141639543152839664e+01
2.340745721946952429e+01,1.328622837290327574e+01,-2.021991934116224687e+00,-2.021392905284628005e-01,1.135902726227744353e+01
2.288403158118023839e+01,1.228105942272540396e+01,-2.079659893487870725e+00,-1.994029390784960443e-01,1.130985017418934646e+01
2.230636427401043065e+01,1.131121166662337707e+01,-2.136142424378026927e+00,-1.956068107750061902e-01,1.127016777399971303e+01
2.167743511908630438e+01,1.037795305144357449e+01,-2.191221592497263781e+00,-1.909880426858385494e-01,1.124066309448174650e+01
2.100022695417558083e+01,9.482152249328340332e+00,-2.244755883109008643e+00,-1.858167024514446319e-01,1.122149352430023228e+01
2.027764682220762538e+01,8.624368270508178114e+00,-2.296680436558277805e+00,-1.803637128206640183e-01,1.121239220172983053e+01
1.951246993694298482e+01,7.804942587402069698e+00,-2.347000928291996580e+00,-1.748805274282434208e-01,1.121276676340919209e+01
1.870730606219383674e+01,7.024087344880493688e+00,-2.395784515142818094e+00,-1.695896903074973761e-01,1.122178960985730001e+01
1.786458539559300718e+01,6.281966462599224421e+00,-2.443150886065734273e+00,-1.646866069670317456e-01,1.123846241477684416e+01
1.698650176731686301e+01,5.578717641405651406e+00,-2.489252855960459865e+00,-1.602371055150546009e-01,1.126321703258829743e+01
1.607423359758748660e+01,4.913866965909257090e+00,-2.534103952447819719e+00,-1.549625429915628128e-01,1.131529725779124362e+01
1.513024201187826101e+01,4.287987828939570534e+00,-2.578044066746362883e+00,-1.529166886582784546e-01,1.133907301304114768e+01
1.415799574495003377e+01,3.702954392472210365e+00,-2.621748135987206574e+00,-1.527854111515204449e-01,1.135658191186253774e+01
1.315937655992484068e+01,3.160030808048698958e+00,-2.665480251410097701e+00,-1.525873104391546331e-01,1.137852071101995932e+01
1.213560608307528099e+01,2.660171541734341005e+00,-2.709297074361356916e+00,-1.526752871268253764e-01,1.140895796018295272e+01
1.108768224539190683e+01,2.204365693324285669e+00,-2.753370314144465869e+00,-1.534251684010097261e-01,1.144811752618558387e+01
1.001662113059848558e+01,1.793891776221227863e+00,-2.797936899927229604e+00,-1.549148553274896645e-01,1.149423224123442111e+01
8.923627467650218748e+00,1.430404231306370511e+00,-2.843250082495732300e+00,-1.572132282280792603e-01,1.154473809011504315e+01
7.810197538287732222e+00,1.115947697813998829e+00,-2.889591607015432828e+00,-1.604860212606344372e-01,1.159698791715991106e+01
6.678171703951647942e+00,8.529661137039687979e-01,-2.937290774283763728e+00,-1.649219404282227242e-01,1.164863893343651924e+01
5.529768407535486041e+00,6.443115417439827519e-01,-2.986719799996126579e+00,-1.706395455072863276e-01,1.169783217427911026e+01
4.367623229483302616e+00,4.932333020106833832e-01,-3.038269505459211040e+00,-1.776492506189645826e-01,1.174324490451658320e+01
3.194841385156797386e+00,4.033330078428094545e-01,-3.092320112521842468e+00,-1.858640500222811798e-01,1.178406857981981304e+01
2.015061521609796902e+00,3.784827873368800111e-01,-3.149217085216592160e+00,-1.951283186186856811e-01,1.181994627438442080e+01
8.325241667371168219e-01,4.227106909492674980e-01,-3.209254441725176044e+00,-2.052429755622232621e-01,1.185089169356359662e+01
-3.478631882649582119e-01,5.400582574174265238e-01,-3.272663700660483510e+00,-2.159804495439336391e-01,1.187720416948529589e+01
-1.520473125903254896e+00,7.344138990365352004e-01,-3.339605894623549620e+00,-2.270920492297605064e-01,1.189938859946359173e+01
-2.678927100091444746e+00,1.009325224894439765e+00,-3.410165106852185879e+00,-2.383125875002471417e-01,1.191808523979142720e+01
-3.816096278273087616e+00,1.367794822135215860e+00,-3.484343212116990163e+00,-2.493656566563891008e-01,1.193401123893425009e+01
-4.924144364127480245e+00,1.812067047766630079e+00,-3.562056247258287733e+00,-2.599708029376125440e-01,1.194791371869332153e+01
-5.994620454484178573e+00,2.343417088442706575e+00,-3.643133068716375433e+00,-2.698524336611036745e-01,1.196053313342359203e+01
-7.018606389193950967e+00,2.961956906843924653e+00,-3.727316888490270319e+00,-2.787497516243310214e-01,1.197257539986008368e+01
-7.986917913325637386e+00,3.666474846992068493e+00,-3.814270094689251156e+00,-2.864269120819935566e-01,1.198469149294457026e+01
-8.890352778257520683e+00,4.454325914653903595e+00,-3.903582513731080894e+00,-2.926825383456278518e-01,1.199746349231531894e+01
-9.719972490372883911e+00,5.321387581458100868e+00,-3.994782946190428952e+00,-2.973576330771366960e-01,1.201139626363614710e+01
-1.046739888037769362e+01,6.262091244241404731e+00,-4.087353419063933124e+00,-3.003409354338055781e-01,1.202691397133268225e+01
-1.112510317553089756e+01,7.269532617395189966e+00,-4.180745228047172191e+00,-3.015710961904028986e-01,1.204436039440397010e+01
-1.168666164527275519e+01,8.335651149930191295e+00,-4.274396492413833570e+00,-3.010437481902890067e-01,1.206388144772033044e+01
-1.214696420127995680e+01,9.451476228594671625e+00,-4.367748265838812927e+00,-2.987910564896335552e-01,1.208567392755279357e+01
-1.250236041168943579e+01,1.060742259852926672e+01,-4.460258449403173842e+00,-2.948853610776781542e-01,1.210987905253558594e+01
-1.275072682535778767e+01,1.179360212924223994e+01,-4.551416433089622515e+00,-2.894439655373216569e-01,1.213656590845058503e+01
-1.289145481831064899e+01,1.300013300521461623e+01,-4.640759236733430271e+00,-2.826360793493932766e-01,1.216572208139650613e+01
-1.292536096890627029e+01,1.421742425561722278e+01,-4.727889053313806933e+00,-2.746873166537129318e-01,1.219725098591473156e+01
-1.285452817578227425e+01,1.543641519507075621e+01,-4.812491143713536701e+00,-2.658801490250246591e-01,1.223097709528561339e+01
-1.268209200772307987e+01,1.664875323756602299e+01,-4.894349544239563699e+00,-2.565422661710887731e-01,1.226665848462870301e+01
-1.241199379297183825e+01,1.784689993258075802e+01,-4.973355891261570072e+00,-2.470170938694976615e-01,1.230400273370836572e+01
-1.204872829493247544e+01,1.902416449315703062e+01,-5.049506351845628238e+00,-2.376198084711478309e-01,1.234267988943562600e+01
-1.159711595988287947e+01,2.017467550089633477e+01,-5.122883946942129896e+00,-2.285896640871873386e-01,1.238232694278678991e+01
-1.106212550278809914e+01,2.129331198002496706e+01,-5.193626728640298396e+00,-2.200481294070075200e-01,1.242254165616566652e+01
-1.044876361771146911e+01,2.237562206390294861e+01,-5.261883820450677263e+00,-2.119640486734150620e-01,1.246286717823428702e+01
-9.762038650890996649e+00,2.341776076451596111e+01,-5.327760851593048130e+00,-2.041225466537274769e-01,1.250277083000691292e+01
-9.006992862830358604e+00,2.441648322336441623e+01,-5.391256069612493818e+00,-1.960977337878952453e-01,1.254172920778884759e+01
-8.188793260800167673e+00,2.536920832664554837e+01,-5.452207553703667386e+00,-1.873509380937574131e-01,1.257897206231772813e+01
-7.312828174093313649e+00,2.627414066808077564e+01,-5.510305691707214848e+00,-1.775334940097281211e-01,1.261359544483385164e+01
-6.384707274368714991e+00,2.713036762991692541e+01,-5.565235608931983435e+00,-1.669778327544108043e-01,1.264454405650893065e+01
-5.410081598547468396e+00,2.793776383688503628e+01,-5.616928995562086691e+00,-1.568814076418051373e-01,1.267059451290888816e+01
-4.394315977286213482e+00,2.869660668792982250e+01,-5.665765692600168713e+00,-1.488224434521226436e-01,1.269033479980985035e+01
-3.342189396454523287e+00,2.940701481572900988e+01,-5.712545028306497130e+00,-1.438313024623250058e-01,1.270213641515917757e+01
-2.257836933579637773e+00,3.006851160106140597e+01,-5.758164063196050009e+00,-1.415113778775251019e-01,1.270398957138160867e+01
-1.144515694521519134e+00,3.068019289804088601e+01,-5.803410470761763307e+00,-1.415113778775251019e-01,1.270398957138160867e+01
