4.500000000000000000e+00,0.000000000000000000e+00,5.235987755982988157e-01,0.000000000000000000e+00,5.000000000000000000e+00
5.015814031868135459e+00,3.024879192289110508e-01,5.434634440637233777e-01,2.492614367771946449e-01,6.959527044115834116e+00
5.604791879819541300e+00,6.762991320481078761e-01,5.874600102871370133e-01,2.449461162987306151e-01,6.993368472531091840e+00
6.178032926050979867e+00,1.076313383196305207e+00,6.310043573918109328e-01,2.434240142691029007e-01,6.987960670360049420e+00
6.733118667865085172e+00,1.500603924698008074e+00,6.742030864386509004e-01,2.414471909569756158e-01,6.986567057018415738e+00
7.269331171078131426e+00,1.948271374077499063e+00,7.170232776109619621e-01,2.394390808246815161e-01,6.984897507333229782e+00
7.785853211785268790e+00,2.418269117809927593e+00,7.594606663427113658e-01,2.374220267799309059e-01,6.983153124449730242e+00
8.281935691465621474e+00,2.909534679673317470e+00,8.015174084524834264e-01,2.354389034209596887e-01,6.981252093416161486e+00
8.756887133717061289e+00,3.420990977661518162e+00,8.432017455280058638e-01,2.335145700529139279e-01,6.979220169313071764e+00
9.210073775490160486e+00,3.951555254382733473e+00,8.845261010462297513e-01,2.316681001659883776e-01,6.977081299043046414e+00
9.640913507000202998e+00,4.500140603918790561e+00,9.255064660597352999e-01,2.299201734393920837e-01,6.974791129530251155e+00
1.004886965721576431e+01,5.065655611724169560e+00,9.661621488719478457e-01,2.282900648344523553e-01,6.972286333444097650e+00
1.043344769782216019e+01,5.647006162978340349e+00,1.006515379927826137e+00,2.267944088317704887e-01,6.969516561220396866e+00
1.079419331779992852e+01,6.243098575517505466e+00,1.046590908410035103e+00,2.254468611843434833e-01,6.966459113628831190e+00
1.113069087362950782e+01,6.852843298687790963e+00,1.086415556177992681e+00,2.242573190128987481e-01,6.963125820708748748e+00
1.144256156399666224e+01,7.475158194740357587e+00,1.126017642535264818e+00,2.232313995239478821e-01,6.959553355349292758e+00
1.172946088519032060e+01,8.108969987078799235e+00,1.165426238437543560e+00,2.223701127889901041e-01,6.955780005660399112e+00
1.199107567411303421e+01,8.753213148691552092e+00,1.204670172896183944e+00,2.216688298151230918e-01,6.951823747998941982e+00
1.222712172127209840e+01,9.406826701299985771e+00,1.243776659435074761e+00,2.211150689572052297e-01,6.947672115455700848e+00
1.243734304101688082e+01,1.006875007203237971e+01,1.282769420476493449e+00,2.206853712676520307e-01,6.943284222923820082e+00
1.262151358373095711e+01,1.073791914424801242e+01,1.321666248068536387e+00,2.203418081172530685e-01,6.938600004194404036e+00
1.277944181378849109e+01,1.141326333927764658e+01,1.360476000791096540e+00,2.200285434109194305e-01,6.933551803764324006e+00
1.291097832117239541e+01,1.209370429199372232e+01,1.399195079809731901e+00,2.196687211399117046e-01,6.928075110722362595e+00
1.301602647598963003e+01,1.277815649645195251e+01,1.437803461015393136e+00,2.191619019083292930e-01,6.922116265223534626e+00
1.309455602927172535e+01,1.346553016408600101e+01,1.476260393707231833e+00,2.183822487575420301e-01,6.915635648351861064e+00
1.314661948635419542e+01,1.415473645748769904e+01,1.514499906166325571e+00,2.171775826536314624e-01,6.908605883202350029e+00
1.317237101396995946e+01,1.484469526422321550e+01,1.552426277904003005e+00,2.153693100363046065e-01,6.901005869938865445e+00
1.317208756530514613e+01,1.553434574724115436e+01,1.589909646016042011e+00,2.127531311971805339e-01,6.892812458150245902e+00
1.314619179901596802e+01,1.622265998595519321e+01,1.626781911817671400e+00,2.091003905160329079e-01,6.883991805383260498e+00
1.309527623224119175e+01,1.690866001947041397e+01,1.662833103167098203e+00,2.041598905470664582e-01,6.874492043296083210e+00
1.302012793837090854e+01,1.759143846042719517e+01,1.697808319124167076e+00,1.976599111271317710e-01,6.864238137282008267e+00
1.292175303439221068e+01,1.827018255211132569e+01,1.731405324220557596e+00,1.893100409932654271e-01,6.853129134819067048e+00
1.280140026105736339e+01,1.894420112425300573e+01,1.763272762186967713e+00,1.788022908056163263e-01,6.841037536584435585e+00
1.266058318718063447e+01,1.961295342282185672e+01,1.793008830434882572e+00,1.658109078578806073e-01,6.827810338929749534e+00
1.250110097789706920e+01,2.027607831268519334e+01,1.820160123609666725e+00,1.499904766094067310e-01,6.813271391860888926e+00
1.232505821738151219e+01,2.093342193431894316e+01,1.844220264434988321e+00,1.309724081716509003e-01,6.797225112328835195e+00
1.213488487408989158e+01,2.158506155866987797e+01,1.864627958397285123e+00,1.083609615385087710e-01,6.779462302225365278e+00
1.193335799118980134e+01,2.223132309335297663e+01,1.880764313539800447e+00,8.173166982295251848e-02,6.759769766865497687e+00
1.172362688686064303e+01,2.287278933978787165e+01,1.891949733696104197e+00,5.063752743030126152e-02,6.737946302668760268e+00
1.150924335951601485e+01,2.351029549970535015e+01,1.897441459772411188e+00,1.463115393807472471e-02,6.713827718887577234e+00
1.129419745191411373e+01,2.414490735715926917e+01,1.896433820392323888e+00,-2.668701955336660533e-02,6.687321781850741331e+00
1.108295767514344909e+01,2.477787586656701535e+01,1.888064161808877595e+00,-7.358664149497222418e-02,6.658449291717607466e+00
1.088051229248876162e+01,2.541055970389667351e+01,1.871427711100078994e+00,-1.260932835033501398e-01,6.627380657952679499e+00
1.069240544021984363e+01,2.604430534840423306e+01,1.845603715481848761e+00,-1.838624933293172836e-01,6.594450806189282588e+00
1.052475845539596655e+01,2.668027387720666610e+01,1.809693061576568507e+00,-2.460820476856281636e-01,6.560138101217134476e+00
1.038426247684695092e+01,2.731920649036641535e+01,1.762865099910461142e+00,-3.114492294701051156e-01,6.525002661873742227e+00
1.027812282310918768e+01,2.796112833341269521e+01,1.704410143837871372e+00,-3.782494423781076476e-01,6.489602751694691918e+00
1.021392915364576481e+01,2.860500357697998197e+01,1.633795674957212452e+00,-4.445140371126157230e-01,6.454433877903857919e+00
1.019941956291153140e+01,2.924837259790670529e+01,1.550731643161358253e+00,-5.081653143885174195e-01,6.419919399094720092e+00
1.024209962129267559e+01,2.988702172606307528e+01,1.455275949331482188e+00,-5.669359843512107311e-01,6.386415183610196777e+00
1.034865341069158795e+01,3.051478298667585065e+01,1.348097482468250563e+00,-6.175304709539493064e-01,6.354483061226270380e+00
1.052399771674934748e+01,3.112364650519471709e+01,1.231256387049351808e+00,-6.528650093775341112e-01,6.324908442934606967e+00
1.076971421243233706e+01,3.170462036163657160e+01,1.109840620297120939e+00,-6.587945145287972259e-01,6.298821579602380538e+00
1.108277333422819133e+01,3.224966156896391567e+01,9.894713268039430076e-01,-6.479422992745460519e-01,6.279783906415028483e+00
1.145703399709365833e+01,3.275251022818633118e+01,8.732933441697661170e-01,-6.273519158856339928e-01,6.264060294027302689e+00
1.188473207376966734e+01,3.320874858548027220e+01,7.631350514432090337e-01,-5.996894027641648250e-01,6.249528986622037152e+00
1.235753147636083327e+01,3.361591564629831197e+01,6.599191314735377567e-01,-5.688764618327064593e-01,6.235183434037567807e+00
1.286738286367130968e+01,3.397315839694822159e+01,5.634757830671818235e-01,-5.401873295035815037e-01,6.220680551267863123e+00
1.340712213998564017e+01,3.428052923495078375e+01,4.726481718055739467e-01,-5.179771114263882481e-01,6.206075291166692764e+00
1.397068075887642991e+01,3.453827504778831070e+01,3.857186519903818001e-01,-5.043897005895121577e-01,6.191878548281559702e+00
