4.500000000000000000e+00,0.000000000000000000e+00,5.235987755982988157e-01,0.000000000000000000e+00,5.000000000000000000e+00
5.000147461255623149e+00,2.931635989066316839e-01,5.429574190991066640e-01,2.525930577868784610e-01,6.594889564525656667e+00
5.560278403153479765e+00,6.475893756253623401e-01,5.851686802698977674e-01,2.462269226085334051e-01,6.663006905207637942e+00
6.107480294283907263e+00,1.026849138858585864e+00,6.269634274466637791e-01,2.457679688338809676e-01,6.653635439913356819e+00
6.637926862831712960e+00,1.428256527389843766e+00,6.686065798770168822e-01,2.449210295017803518e-01,6.651482466817464356e+00
7.151041783792348561e+00,1.851200784554309031e+00,7.101036825575252065e-01,2.442918723913456436e-01,6.648626161638153675e+00
7.645972366988274871e+00,2.294835152460601879e+00,7.514770836365201045e-01,2.437328219878795443e-01,6.645444044341850542e+00
8.121938763457142940e+00,2.758318543799633815e+00,7.927274473127041698e-01,2.431129462953424136e-01,6.642497175314518998e+00
8.578212439377770338e+00,3.240787735105814082e+00,8.338440028420867067e-01,2.424259854398030933e-01,6.639435158819244620e+00
9.014096334660084864e+00,3.741333236645527194e+00,8.748136960663986939e-01,2.416684462769280728e-01,6.636139339521971436e+00
9.428944878074597469e+00,4.259017638154417362e+00,9.156221121341530100e-01,2.408276815533649806e-01,6.632734523887560130e+00
9.822171360684322394e+00,4.792885495167164223e+00,9.562536103573748836e-01,2.398954993574414774e-01,6.629278065642356665e+00
1.019324357540677006e+01,5.341959585666573140e+00,9.966907400270268447e-01,2.388589867428519975e-01,6.625710339905568347e+00
1.054168301851716372e+01,5.905237943833546055e+00,1.036911617782700024e+00,2.376844895951463199e-01,6.621956612595782943e+00
1.086707107189434218e+01,6.481696410959004062e+00,1.076885936544311972e+00,2.363122284012830754e-01,6.617984528283695767e+00
1.116905835697869520e+01,7.070292633590748999e+00,1.116571020628932098e+00,2.346605644428209625e-01,6.613784443089052445e+00
1.144737469047183254e+01,7.669968059022217233e+00,1.155908599410600424e+00,2.326315171046505759e-01,6.609331130545381683e+00
1.170183998495974720e+01,8.279648573867987693e+00,1.194822138994262151e+00,2.301128263651719408e-01,6.604570597809420462e+00
1.193237723318157251e+01,8.898246372794877956e+00,1.233214342218662773e+00,2.269770957619351992e-01,6.599431741369983229e+00
1.213902787642947345e+01,9.524664769281780963e+00,1.270964612300084617e+00,2.230802894792241475e-01,6.593841869166023884e+00
1.232196899698395498e+01,1.015780596411167380e+01,1.307926474495862523e+00,2.182607742578113186e-01,6.587731303215216272e+00
1.248153161909621822e+01,1.079658091267850573e+01,1.343924998003705351e+00,2.123387112705538149e-01,6.581026912502867532e+00
1.261821971959659550e+01,1.143992061418309980e+01,1.378754228693760631e+00,2.051152828799163164e-01,6.573642830536812198e+00
1.273272984452164280e+01,1.208678873179172797e+01,1.412174646531742406e+00,1.963717442579274164e-01,6.565475879833453376e+00
1.282597125553774653e+01,1.273619576523458363e+01,1.443910724498888465e+00,1.858687875507342158e-01,6.556407909798789291e+00
1.289908635640934165e+01,1.338721478506598039e+01,1.473648732192023081e+00,1.733467424257517653e-01,6.546312634173290235e+00
1.295347097456567198e+01,1.403899814402864621e+01,1.501034939132718460e+00,1.585268549450713493e-01,6.535063050361662462e+00
1.299079404143314420e+01,1.469079389295606752e+01,1.525674325582111246e+00,1.411136832315429412e-01,6.522536709447903647e+00
1.301301634469393065e+01,1.534196006446457972e+01,1.547129846003486131e+00,1.207987799736925938e-01,6.508618349159860372e+00
1.302240823153890581e+01,1.599197461859496450e+01,1.564922263936822544e+00,9.726628484387392359e-02,6.493201302036597511e+00
1.302156630442852325e+01,1.664043862605823421e+01,1.578530613025096452e+00,7.020163987749059031e-02,6.476190025535073502e+00
1.301342916756880363e+01,1.728707010672234645e+01,1.587393429939670142e+00,3.930514794317255950e-02,6.457506071124390346e+00
1.300129208902283118e+01,1.793168576564446326e+01,1.590911021474431086e+00,4.312307545948364240e-03,6.437099055916073453e+00
1.298882000774515788e+01,1.857416764043626856e+01,1.588449134764939208e+00,-3.497744620430030121e-02,6.414962936033514751e+00
1.298005761476774467e+01,1.921441140908268963e+01,1.579344474628327832e+00,-7.866297491955748233e-02,6.391156264099135953e+00
1.297943422688168447e+01,1.985225288655410480e+01,1.562912580611721447e+00,-1.266956912010715197e-01,6.365823397380898641e+00
1.299175972582372651e+01,2.048736922825000306e+01,1.538458766569871017e+00,-1.788286040397453480e-01,6.339212300743932715e+00
1.302220568838396986e+01,2.111915186103389530e+01,1.505293432880369764e+00,-2.345634554641569391e-01,6.311684316748467083e+00
1.307626252467703409e+01,2.174654971787076008e+01,1.462754586171999716e+00,-2.930971140325800417e-01,6.283712511551140523e+00
1.315965837093795265e+01,2.236788491999218920e+01,1.410243528267679736e+00,-3.532628739857519018e-01,6.255867294294841230e+00
1.327821818319611857e+01,2.298065052053723178e+01,1.347285198478813895e+00,-4.134538122667181237e-01,6.228792579012303321e+00
1.343763218681648297e+01,2.358131382579096780e+01,1.273633073584645281e+00,-4.715081819742378832e-01,6.203164291846627876e+00
1.364309454391367993e+01,2.416517526474284594e+01,1.189449191908585446e+00,-5.245285009555616940e-01,6.179651176556744119e+00
1.389877368562013160e+01,2.472637364770633894e+01,1.095595932620730961e+00,-5.686267676591588716e-01,6.158820852200008744e+00
1.420710698387046200e+01,2.525818480068930327e+01,9.940536106452682041e-01,-5.986536049625518219e-01,6.141055324718651676e+00
1.456801869467938459e+01,2.575379518583017813e+01,8.883433533868747567e-01,-6.084382341826494178e-01,6.126579250784454089e+00
1.497847754562896228e+01,2.620752082651127068e+01,7.828813386596270574e-01,-5.983737084767498660e-01,6.115815602761891512e+00
1.543311189544152739e+01,2.661554500530911227e+01,6.805750533744011621e-01,-5.816535004299033806e-01,6.107142819384332455e+00
1.592565811807249609e+01,2.697549377948526228e+01,5.822901418314568867e-01,-5.628440228301873072e-01,6.098833351084333998e+00
1.644978539449210686e+01,2.728604886841986499e+01,4.881808234752785802e-01,-5.437333136186911497e-01,6.090143885280090430e+00
1.699944206880647712e+01,2.754673110283602000e+01,3.981618584841892794e-01,-5.248136085687465924e-01,6.080767276020351275e+00
1.756898491409542373e+01,2.775775553382004190e+01,3.121433907321438106e-01,-5.057107799803500781e-01,6.070576970154331065e+00
1.815321915478468284e+01,2.791996697626147039e+01,2.301697866611882859e-01,-4.854872517963298995e-01,6.059520147161903125e+00
1.874742071711049363e+01,2.803483746051091074e+01,1.524705421065390143e-01,-4.631023911272724725e-01,6.047586074240696163e+00
1.934737921262578553e+01,2.810446897619467777e+01,7.939160847239859486e-02,-4.381600643128091832e-01,6.034816710383887894e+00
1.994946277672462998e+01,2.813151598170179213e+01,1.119351417228690859e-02,-4.116996682704793797e-01,6.021334907170281525e+00
2.055066566980562470e+01,2.811896260049024576e+01,-5.219550478182766878e-02,-3.861945884459589418e-01,6.007357735395011389e+00
2.114858702324395878e+01,2.806978489847730884e+01,-1.113030534653454834e-01,-3.644681025933022567e-01,5.993195645349791434e+00
2.174132865344631682e+01,2.798661914794224259e+01,-1.670379082055093722e-01,-3.485220979851739731e-01,5.979305170527329238e+00
2.232735743973170628e+01,2.787154106249811036e+01,-2.205022189034579749e-01,-3.391164163962058220e-01,5.966533896065699949e+00
