4.500000000000000000e+00,0.000000000000000000e+00,5.235987755982988157e-01,0.000000000000000000e+00,5.000000000000000000e+00
5.016604111209237438e+00,3.029169034203970101e-01,5.433126795465170744e-01,2.469502015009417961e-01,6.977495011259815527e+00
5.607129224932249301e+00,6.774141516590993506e-01,5.868512795909411883e-01,2.411926277683072162e-01,7.008860447754079459e+00
6.182000470859475350e+00,1.077762780145195221e+00,6.297023001217233462e-01,2.386914396995915844e-01,7.003007022452854002e+00
6.738976753195635716e+00,1.501993755555268706e+00,6.720787840842818994e-01,2.363395303420399440e-01,7.000819062042591412e+00
7.277387546535704743e+00,1.949170350000569707e+00,7.140491016543571989e-01,2.344641197501721452e-01,6.998109497958493463e+00
7.796428101043025194e+00,2.418263175384487429e+00,7.556927640783622779e-01,2.329931299175370396e-01,6.995059061918231791e+00
8.295323623499617938e+00,2.908263225036766819e+00,7.970793956444308659e-01,2.318905252459933231e-01,6.991600229065584315e+00
8.773320756214365801e+00,3.418170438481817897e+00,8.382727186134159014e-01,2.311320104299378342e-01,6.987751783803286543e+00
9.229687473343028969e+00,3.946991439911916366e+00,8.793336722560209928e-01,2.307127657161584799e-01,6.983515746279920222e+00
9.663707414649664429e+00,4.493733882961731041e+00,9.203233893084411532e-01,2.306426913434623527e-01,6.978845696875550786e+00
1.007467468637037733e+01,5.057401910438915849e+00,9.613045559783307548e-01,2.309330394309067891e-01,6.973700357363865621e+00
1.046189131443863296e+01,5.636994096157229350e+00,1.002340900585764860e+00,2.315871336343928444e-01,6.968064332734114075e+00
1.082466615386484499e+01,6.231501491389559000e+00,1.043495337062450234e+00,2.325943523750096664e-01,6.961947762323790201e+00
1.116231515800361507e+01,6.839904465852178816e+00,1.084827168534644004e+00,2.339260957818179720e-01,6.955378998419989856e+00
1.147416340187672468e+01,7.461167708903017726e+00,1.126388665239525855e+00,2.355336724811025462e-01,6.948388949237669365e+00
1.175954941638455509e+01,8.094233193707358609e+00,1.168221249813135021e+00,2.373471522458479310e-01,6.940994239983666603e+00
1.201783274569807247e+01,8.738011910823171746e+00,1.210351373803634445e+00,2.392739470075206654e-01,6.933190288676849278e+00
1.224840570357763525e+01,9.391376041242075701e+00,1.252786072453079269e+00,2.411968113176197470e-01,6.924957030287179904e+00
1.245070988315804605e+01,1.005315333972715486e+01,1.295508214402142366e+00,2.429718881878843162e-01,6.916271482655469427e+00
1.262425737019623462e+01,1.072212505373428826e+01,1.338471573803163617e+00,2.444276818457953027e-01,6.907119743508980392e+00
1.276865611026645198e+01,1.139702820481271850e+01,1.381595970559961639e+00,2.453656236850829953e-01,6.897503952656398596e+00
1.288363853645989288e+01,1.207656273456654006e+01,1.424762812803195056e+00,2.455626020555824185e-01,6.887442897188407187e+00
1.296909230490923548e+01,1.275940381538503843e+01,1.467811428619589353e+00,2.447755980866157255e-01,6.876966715914578643e+00
1.302509175919619899e+01,1.344421943707953382e+01,1.510536593027964836e+00,2.427483865232724913e-01,6.866107152289080418e+00
1.305192854736670505e+01,1.412969315070478338e+01,1.552687641736396174e+00,2.392201107103354152e-01,6.854885633665039890e+00
1.305013966239368273e+01,1.481455156263081285e+01,1.593969517727268581e+00,2.339354535187141704e-01,6.843302000364026583e+00
1.302053108993760944e+01,1.549759580122459290e+01,1.634046023451362295e+00,2.266561007771084879e-01,6.831326588124868593e+00
1.296419526185209925e+01,1.617773570167853237e+01,1.672545448505750931e+00,2.171731683699097137e-01,6.818897519688089659e+00
1.288252068267387607e+01,1.685402488902732543e+01,1.709068602074145682e+00,2.053201623310763890e-01,6.805923815714249869e+00
1.277719246943478559e+01,1.752569436924548896e+01,1.743199096099848466e+00,1.909858443110366288e-01,6.792293721643360982e+00
1.265018313671237316e+01,1.819218179934310342e+01,1.774515511978668858e+00,1.741261595543623086e-01,6.777886730364564016e+00
1.250373371827834212e+01,1.885315344096149559e+01,1.802604882863892310e+00,1.547743192415833025e-01,6.762587217555147134e+00
1.234032611742605923e+01,1.950851600159021615e+01,1.827076809792685719e+00,1.330484408282107678e-01,6.746297360595727710e+00
1.216264822634563103e+01,2.015841614004069626e+01,1.847577600613971915e+00,1.091570672748794907e-01,6.728947082820537773e+00
1.197355361315725553e+01,2.080322626943289421e+01,1.863804179632176705e+00,8.340455193623427799e-02,6.710499262132394449e+00
1.177601719064251462e+01,2.144351627720510223e+01,1.875518246678924195e+00,5.620064362006887970e-02,6.690949607868379445e+00
1.157308701607845869e+01,2.208001174799168354e+01,1.882562290673146510e+00,2.808114145962602171e-02,6.670322775773414037e+00
1.136783005780615596e+01,2.271354017580391016e+01,1.884880462214342245e+00,-2.521467791109614776e-04,6.648669680550636230e+00
1.116326643969619958e+01,2.334496764034071603e+01,1.882548528029136081e+00,-2.786659869274872234e-02,6.626075202474632775e+00
1.096238178763273474e+01,2.397511832085891825e+01,1.875405269943999587e+00,-5.849365752102250737e-02,6.601870958072089124e+00
1.076841215988695311e+01,2.460481376078610438e+01,1.862841334817425754e+00,-9.376362746146754690e-02,6.576084789797649321e+00
1.058503025152528565e+01,2.523490761998859711e+01,1.844063539922079942e+00,-1.341527577659881731e-01,6.548851399827304576e+00
1.041642036927770754e+01,2.586622590480595818e+01,1.818233521374557959e+00,-1.794521841218355007e-01,6.520438407112862933e+00
1.026728999642047846e+01,2.649945486400210370e+01,1.784545075455263641e+00,-2.289792324239608712e-01,6.491230888871832860e+00
1.014284118653650602e+01,2.713498160360766676e+01,1.742274107291077012e+00,-2.816891739094495306e-01,6.461671949038159113e+00
1.004870535097614059e+01,2.777269247877707770e+01,1.690816044631568316e+00,-3.362786594936089668e-01,6.432178559408905372e+00
9.990833902560654067e+00,2.841174027953754333e+01,1.629716592128705566e+00,-3.913022029512469024e-01,6.403074977761997744e+00
9.975331016496529202e+00,2.905030044080922380e+01,1.558701379910899520e+00,-4.452662340786905371e-01,6.374576548999293379e+00
1.000821054505193430e+01,2.968534550853396325e+01,1.477719252156056484e+00,-4.966130236015552923e-01,6.346812815637994376e+00
1.009505033418677833e+01,3.031248973299905813e+01,1.387048064487279797e+00,-5.433437212653157156e-01,6.320085176362608692e+00
1.024047695254381907e+01,3.092598054698554222e+01,1.287640003659007881e+00,-5.814896282812386241e-01,6.294943786157549681e+00
1.044727807449389090e+01,3.151902660768621445e+01,1.182155249804710317e+00,-6.011511485250585762e-01,6.272256489157506110e+00
1.071511786243201492e+01,3.208484768521021380e+01,1.075430894831281847e+00,-5.953924719048596659e-01,6.253937334308243834e+00
1.104020936751681781e+01,3.261793572244759076e+01,9.715760168077262060e-01,-5.782889611042539846e-01,6.239548180696976587e+00
1.141686005008481608e+01,3.311424055132047073e+01,8.725486459414177887e-01,-5.538747230786343900e-01,6.226431108954022520e+00
1.183855387348551780e+01,3.357114870717693123e+01,7.793487722034951881e-01,-5.259445445880016612e-01,6.213355056048852632e+00
1.229874281858777074e+01,3.398732587798343729e+01,6.919904968122270184e-01,-4.995187435704904755e-01,6.199899574892011600e+00
1.279145442672424871e+01,3.436222619736903283e+01,6.095648366593511280e-01,-4.788650806947901128e-01,6.186093702835391284e+00
1.331159243425542549e+01,3.469552808968564506e+01,5.306014362214693802e-01,-4.661744337890720291e-01,6.172418482920116745e+00
