4.500000000000000000e+00,0.000000000000000000e+00,5.235987755982988157e-01,0.000000000000000000e+00,5.000000000000000000e+00
4.985334635436021955e+00,2.843191810718351809e-01,5.423136416036343777e-01,2.538131226074551439e-01,6.249835759090345277e+00
5.518282053576471391e+00,6.203435636689987875e-01,5.825807595909316960e-01,2.467490944265586794e-01,6.351735183684832364e+00
6.041078334525501248e+00,9.799848383223030979e-01,6.225726681458731981e-01,2.471181463073739426e-01,6.340175123037719018e+00
6.548527773166448185e+00,1.359823199637257396e+00,6.625333603752657785e-01,2.468948992232482542e-01,6.337925420595214021e+00
7.040326320991781017e+00,1.759552330657655039e+00,7.024399810262984545e-01,2.465549525890552429e-01,6.338075487487007109e+00
7.515727769964033911e+00,2.178514854426327751e+00,7.423137571994923301e-01,2.465717212509501155e-01,6.336139897013071121e+00
7.973889119977703999e+00,2.615940204838262062e+00,7.821882165658423647e-01,2.467301974779194662e-01,6.333602470176424859e+00
8.414087387124816075e+00,3.071119506098174856e+00,8.220712624342330077e-01,2.468449448839031835e-01,6.331560212481752714e+00
8.835658057269522914e+00,3.543344853585728149e+00,8.619509369028193202e-01,2.468344149376995866e-01,6.329746531233571005e+00
9.237947535288718370e+00,4.031845441428915322e+00,9.017994942662996838e-01,2.466223837501817506e-01,6.327625155716889438e+00
9.620331684261026695e+00,4.535784079088653442e+00,9.415709225069203159e-01,2.460935228474205316e-01,6.325035280455821862e+00
9.982253169575386664e+00,5.054278883795596755e+00,9.811979139131224992e-01,2.451093204514111501e-01,6.322120105907043097e+00
1.032324564945983170e+01,5.586415327016783117e+00,1.020591032068096204e+00,2.435314877225166208e-01,6.319030555025921814e+00
1.064294450037876771e+01,6.131242448600867867e+00,1.059638586443982344e+00,2.412236921929238609e-01,6.315757197397289247e+00
1.094109600933873772e+01,6.687763963663637234e+00,1.098205028275204720e+00,2.380367685304551062e-01,6.312147294230072703e+00
1.121757341909020411e+01,7.254935394439472773e+00,1.136127409444233738e+00,2.337940995530703725e-01,6.308009687948130662e+00
1.147240072395722521e+01,7.831671277896447236e+00,1.173211041507838059e+00,2.282870819163256570e-01,6.303204345253945462e+00
1.170578061908126699e+01,8.416860211017546334e+00,1.209225809050544997e+00,2.212803669828682651e-01,6.297671307096681659e+00
1.191812250912629345e+01,9.009383178267684755e+00,1.243903963176800964e+00,2.125213121284002249e-01,6.291407302752825004e+00
1.211006812757415041e+01,9.608131527560297869e+00,1.276939424538675594e+00,2.017483763780680006e-01,6.284421324927480512e+00
1.228251411436220231e+01,1.021202302313247579e+01,1.307988161574817676e+00,1.886961290964938587e-01,6.276697201426157946e+00
1.243663187218708899e+01,1.082001593584218391e+01,1.336669153341871086e+00,1.730973081265743119e-01,6.268176453004619120e+00
1.257388515428417897e+01,1.143112149738129801e+01,1.362565621274462124e+00,1.546837304718525763e-01,6.258760909323175525e+00
1.269604555334770879e+01,1.204441443971958847e+01,1.385226420788690627e+00,1.331880063993595154e-01,6.248327269670141959e+00
1.280520576391930021e+01,1.265904031279960762e+01,1.404167626594578833e+00,1.083477021201295215e-01,6.236745003228127970e+00
1.290379034378186773e+01,1.327421732720010894e+01,1.418874437181606885e+00,7.991343269031944696e-02,6.223891984487188722e+00
1.299456364042247181e+01,1.388922987912387086e+01,1.428803618270107600e+00,4.766245829332564632e-02,6.209666140962601943e+00
1.308063440250643872e+01,1.450341072366398087e+01,1.433386834747185645e+00,1.141942038113137950e-02,6.193994223560084222e+00
1.316545619785951082e+01,1.511610887366170708e+01,1.432035376653725267e+00,-2.891452988000147925e-02,6.176839844904478127e+00
1.325282201315595287e+01,1.572664060713574408e+01,1.424146940359121816e+00,-7.332408198483685025e-02,6.158212328085843623e+00
1.334685028612073232e+01,1.633422144699495959e+01,1.409115285463339085e+00,-1.216352709929997555e-01,6.138176386649121241e+00
1.345195810640401746e+01,1.693787776932303046e+01,1.386343836609843727e+00,-1.734677305604596653e-01,6.116861177678911687e+00
1.357281537603249610e+01,1.753633813082883108e+01,1.355264831528606218e+00,-2.281882700626140514e-01,6.094466704860073136e+00
1.371427128354300251e+01,1.812790703014466942e+01,1.315366722360354457e+00,-2.848691995829227275e-01,6.071266298660402683e+00
1.388124154823617218e+01,1.871032843047347427e+01,1.266234550429863104e+00,-3.422506844173688889e-01,6.047605582719297601e+00
1.407854190448723841e+01,1.928065406334150111e+01,1.207611242285349329e+00,-3.986990268385802727e-01,6.023899710889102366e+00
1.431065133422687374e+01,1.983514367093711073e+01,1.139492370577389835e+00,-4.521424412740436827e-01,6.000629855752857011e+00
1.458139007581434754e+01,2.036924230247673506e+01,1.062272368204121520e+00,-4.999541623476104757e-01,5.978335779349777113e+00
1.489350679883053097e+01,2.087770305779722335e+01,9.769631397709224174e-01,-5.387495475980146331e-01,5.957578738919098171e+00
1.524819643898815791e+01,2.135494988414933815e+01,8.854944399566699875e-01,-5.640910187932439701e-01,5.938906231265423941e+00
1.564462221059870473e+01,2.179577388119587056e+01,7.910443468202753570e-01,-5.702962066303600697e-01,5.922638273868532366e+00
1.607962546251970792e+01,2.219637971209074578e+01,6.981075586932901089e-01,-5.517402922646035268e-01,5.908924303397995459e+00
1.654826582164729487e+01,2.255516742863285273e+01,6.094235295228802585e-01,-5.302709978391411116e-01,5.899222264845729313e+00
1.704542391623244413e+01,2.287163074689657094e+01,5.249261501568556199e-01,-5.108599450114452711e-01,5.890975767106603200e+00
1.756630073919495061e+01,2.314560867756271634e+01,4.440672585078445644e-01,-4.938874448104284554e-01,5.882984581860561946e+00
1.810649554422759877e+01,2.337717936972379817e+01,3.663783198279550457e-01,-4.786171642158814077e-01,5.874722809769190590e+00
1.866196397778500682e+01,2.356666537119858873e+01,2.915638378749580983e-01,-4.642406697357608358e-01,5.865989851663204746e+00
1.922897856116895099e+01,2.371465636080267103e+01,2.194733426051302116e-01,-4.501468646697275311e-01,5.856733984098685397e+00
1.980411049898172848e+01,2.382202027256052901e+01,1.500582891919612638e-01,-4.358858781284684625e-01,5.846961798883452133e+00
2.038422679568337514e+01,2.388990270716032782e+01,8.335005128405974240e-02,-4.210201999821648888e-01,5.836693090652147475e+00
2.096649614406370077e+01,2.391972629928068983e+01,1.946366984654349444e-02,-4.050012183710565150e-01,5.825942679174627159e+00
2.154840289541627030e+01,2.391319867417372436e+01,-4.139070786499329802e-02,-3.871976731094211033e-01,5.814720704994700284e+00
2.212777095735868471e+01,2.387232163592751277e+01,-9.892435536121893525e-02,-3.671817460138137035e-01,5.803047655291724283e+00
2.270279320542395141e+01,2.379937215400816442e+01,-1.528514614461114751e-01,-3.452370507735673666e-01,5.790979238459890155e+00
2.327204849955545640e+01,2.369681599628136226e+01,-2.030327759884047178e-01,-3.227020343331231667e-01,5.778628819060047661e+00
2.383448129929388060e+01,2.356714127083822063e+01,-2.496097115510778619e-01,-3.016683449023165320e-01,5.766178261326420085e+00
2.438933370857083816e+01,2.341265221619579151e+01,-2.930417601536386973e-01,-2.841756040477371181e-01,5.753894961218346538e+00
2.493604873837889713e+01,2.323529096073027844e+01,-3.340323473659005393e-01,-2.715509092738542796e-01,5.742201766307530875e+00
2.547418257330113533e+01,2.303652980997401656e+01,-3.733996139157719218e-01,-2.642057286029879659e-01,5.731882512934562968e+00
