4.500000000000000000e+00,0.000000000000000000e+00,5.235987755982988157e-01,0.000000000000000000e+00,5.000000000000000000e+00
4.941887089335954997e+00,2.569160127680587546e-01,5.326880544955355790e-01,1.407600942658465693e-01,5.222953736493769483e+00
5.393652199479407550e+00,5.293663757216479082e-01,5.533203764275411718e-01,1.694728265603323569e-01,5.328459344200409120e+00
5.845565937957001523e+00,8.157129468548895979e-01,5.762613212944961427e-01,1.702577636885355128e-01,5.371689047533552142e+00
6.293087880427528091e+00,1.113958850674006129e+00,5.994537794436042288e-01,1.713710470482932013e-01,5.384508660605265007e+00
6.734039774220391017e+00,1.422949487859149764e+00,6.231021333096729009e-01,1.764342907895513624e-01,5.384470829047387497e+00
7.167287501397147764e+00,1.742328213721319852e+00,6.475246055375695198e-01,1.826426247315643403e-01,5.380672255971212792e+00
7.592193936033076795e+00,2.072141252375085063e+00,6.727129561161632187e-01,1.876829423851417156e-01,5.377346447909729932e+00
8.008375444211758065e+00,2.412530092390482661e+00,6.984660327722734818e-01,1.909103758532892936e-01,5.376026739762647111e+00
8.415567976445847975e+00,2.763583105872112977e+00,7.245624523941978090e-01,1.926260136910515341e-01,5.376840430685181360e+00
8.813546214713605664e+00,3.125289872027142035e+00,7.508300484912839856e-01,1.932506825913243853e-01,5.379275841147599380e+00
9.202085295503177775e+00,3.497535567101304199e+00,7.771318947091367946e-01,1.929143496438898153e-01,5.382622995820840472e+00
9.580960445224629751e+00,3.880101031500810649e+00,8.033224245823786802e-01,1.914149677812662653e-01,5.386207685800981082e+00
9.949974872254818692e+00,4.272658752731271825e+00,8.292111218213693569e-01,1.883549337224391107e-01,5.389495071980778818e+00
1.030900280447927742e+01,4.674767156207526142e+00,8.545473816610376083e-01,1.832990288884803198e-01,5.392114637569376256e+00
1.065803539409144740e+01,5.085868015569246836e+00,8.790240401561588701e-01,1.758770887961963458e-01,5.393842635122627627e+00
1.099722101518739592e+01,5.505289543250550643e+00,9.022907357729230693e-01,1.658184052629008143e-01,5.394566519496413193e+00
1.132689603511254539e+01,5.932254659091247717e+00,9.239687049540137309e-01,1.529383353275756696e-01,5.394246680221890244e+00
1.164760575983702395e+01,6.365891982690913053e+00,9.436620791922546436e-01,1.371059197118723871e-01,5.392883788966962300e+00
1.196011719797363604e+01,6.805246625536828908e+00,9.609644477151935149e-01,1.182152742173567667e-01,5.390495199018792150e+00
1.226542564545225034e+01,7.249288406822415709e+00,9.754619355399229974e-01,9.617269943294040613e-02,5.387100845163264040e+00
1.256475641784427921e+01,7.696916024035329151e+00,9.867350226968066851e-01,7.090187083845458926e-02,5.382717546492816751e+00
1.285956199392970944e+01,8.146956504468823468e+00,9.943611707519137699e-01,4.236356417942589020e-02,5.377359970791681931e+00
1.315151386431753266e+01,8.598159770234030219e+00,9.979196130090300931e-01,1.058408933498163410e-02,5.371046306426947581e+00
1.344248773632051197e+01,9.049188422350498584e+00,9.969989014699708330e-01,-2.431327564884850495e-02,5.363806619387201380e+00
1.373454045400511703e+01,9.498603060454037461e+00,9.912072798875557478e-01,-6.207836267453754192e-02,5.355691876101795756e+00
1.402987695563118287e+01,9.944843798333709017e+00,9.801857764327496225e-01,-1.023087480426319168e-01,5.346781769857784639e+00
1.433080568780641606e+01,1.038620928270860233e+01,9.636240795311071805e-01,-1.444304260290059372e-01,5.337189915037203747e+00
1.463968104307633133e+01,1.082083560721745030e+01,9.412797313810588040e-01,-1.876841677858830104e-01,5.327065674960751451e+00
1.495883158161638704e+01,1.124667913219872162e+01,9.130018894715433708e-01,-2.311149374992067795e-01,5.316592677163658465e+00
1.529047314304130367e+01,1.166150942808045521e+01,8.787617947832410126e-01,-2.735591258163774797e-01,5.305984589593677470e+00
1.563660668587276170e+01,1.206292134375732950e+01,8.386930178464726549e-01,-3.136218297070700323e-01,5.295478601653034190e+00
1.599890218542928011e+01,1.244837841000024525e+01,7.931452408286429057e-01,-3.496348145577329869e-01,5.285326070472384785e+00
1.637857268432454561e+01,1.281530295263474706e+01,7.427550713075243838e-01,-3.795870894808425766e-01,5.275778201940939383e+00
1.677624721635191563e+01,1.316123023178579743e+01,6.885345559908275792e-01,-4.010289103494094065e-01,5.267063690461579739e+00
1.719185831007068188e+01,1.348404204555446384e+01,6.319695748293128190e-01,-4.109760535347498078e-01,5.259358337482984425e+00
1.762456889819972261e+01,1.378228475163845879e+01,5.751023227309525199e-01,-4.058960264598940326e-01,5.252760511911258590e+00
1.807277208052431305e+01,1.405555144277765045e+01,5.205461398421876718e-01,-3.819313471360000212e-01,5.247318294262814931e+00
1.853439678914287470e+01,1.430462929979508502e+01,4.696390726710626407e-01,-3.585561864903927254e-01,5.244518138734992618e+00
1.900749320063846781e+01,1.453061165463602222e+01,4.221478776338632999e-01,-3.365727261085807442e-01,5.242424463905761556e+00
1.949026996150299951e+01,1.473457730969760959e+01,3.778399790134757130e-01,-3.155404143304665898e-01,5.240329611524758846e+00
1.998113382341162492e+01,1.491762359586562070e+01,3.364995094527470920e-01,-2.958949842456107260e-01,5.238074210485530458e+00
2.047870023594649069e+01,1.508084194729547534e+01,2.978740995640626887e-01,-2.778648271065328745e-01,5.235638815904373189e+00
2.098177843841205714e+01,1.522528712720703226e+01,2.617181464100668542e-01,-2.612675042453235785e-01,5.233017926826448729e+00
2.148934351243053342e+01,1.535197062187990724e+01,2.278283838982744225e-01,-2.457994796069682131e-01,5.230197793188082755e+00
2.200050942020050115e+01,1.546186691293059212e+01,1.960432390016146886e-01,-2.312521029715073340e-01,5.227159380142749612e+00
2.251450828801127813e+01,1.555591845537809093e+01,1.662272875431443919e-01,-2.175189056872362803e-01,5.223883788938756823e+00
2.303067484168859025e+01,1.563503682002185613e+01,1.382628674943673919e-01,-2.044958385054299888e-01,5.220356706400783864e+00
2.354843371478070679e+01,1.570010500626579386e+01,1.120545474613527659e-01,-1.919981233527910114e-01,5.216572110711439336e+00
2.406728868061602000e+01,1.575198568605411609e+01,8.753991293161771103e-02,-1.797497940292484275e-01,5.212535211661988299e+00
2.458681408952556424e+01,1.579153573613353778e+01,6.469692204354178522e-02,-1.674429022686086677e-01,5.208264425814848053e+00
2.510664899651909465e+01,1.581962279390083737e+01,4.354004873409483833e-02,-1.548453320434002023e-01,5.203792504335442715e+00
2.562649385393404700e+01,1.583713641236298564e+01,2.410079385428475982e-02,-1.419312317730715145e-01,5.199167139661309278e+00
2.614610870118100294e+01,1.584498545972209627e+01,6.393590820561745498e-03,-1.289795090592689153e-01,5.194451181984023336e+00
2.666531104454744394e+01,1.584407624033422479e+01,-9.623238787853307871e-03,-1.165625257242458718e-01,5.189722623260388801e+00
2.718397172549686047e+01,1.583527297900048580e+01,-2.407530363044739496e-02,-1.053972285073916382e-01,5.185075373775269725e+00
2.770200828513242186e+01,1.581935042101034483e+01,-3.717588104505643865e-02,-9.612943557116424009e-02,5.180622814099180573e+00
2.821937699127562738e+01,1.579695191996274772e+01,-4.920464337676414696e-02,-8.916081229254776974e-02,5.176506224072356943e+00
2.873606579410224882e+01,1.576856360035420224e+01,-6.047090520146608528e-02,-8.457427732133179776e-02,5.172910148811729059e+00
2.925209071292186636e+01,1.573450913361024561e+01,-7.127277545162392924e-02,-8.213670768944403289e-02,5.170087947137380624e+00
