4.500000000000000000e+00,0.000000000000000000e+00,5.235987755982988157e-01,0.000000000000000000e+00,5.000000000000000000e+00
5.009636139656701737e+00,2.988090814460410694e-01,5.432600436069326966e-01,2.504967141326011615e-01,6.815717669104115473e+00
5.587293412982462293e+00,6.649909644771841988e-01,5.865429306249472230e-01,2.453302311698293825e-01,6.864196539891507243e+00
6.150379008286798843e+00,1.056854028160533643e+00,6.293916599166993198e-01,2.442895253508015063e-01,6.857232841404385937e+00
6.695833406649120079e+00,1.472120572984063624e+00,6.719787187046371013e-01,2.427836315902376363e-01,6.854628306259415993e+00
7.222954309927613892e+00,1.909968717452257270e+00,7.142680396411673627e-01,2.412141971209824653e-01,6.851391265787905027e+00
7.730938765196512463e+00,2.369426504956737567e+00,7.562412075746702822e-01,2.395096787074998956e-01,6.848514548887454367e+00
8.219089349121381005e+00,2.849531051507754320e+00,7.978819366736532581e-01,2.377260269071973520e-01,6.846142986796088792e+00
8.686765094060167058e+00,3.349302086134644973e+00,8.391870184870053873e-01,2.359519716914229570e-01,6.844120756227516367e+00
9.133365001083245005e+00,3.867740649499283201e+00,8.801665557425147890e-01,2.342563180673268297e-01,6.842303937717311157e+00
9.558320859651802337e+00,4.403832236439809478e+00,9.208402300718111499e-01,2.326888578090841042e-01,6.840476389962502068e+00
9.961091579582754818e+00,4.956546621840708156e+00,9.612332690691908210e-01,2.312760004693431570e-01,6.838427714924373291e+00
1.034116438207871624e+01,5.524841606878646338e+00,1.001372521726684672e+00,2.300208914604817689e-01,6.836034423228536383e+00
1.069805912704005380e+01,6.107668675085209387e+00,1.041283488457718232e+00,2.289115452779841298e-01,6.833248707841752534e+00
1.103133160887543163e+01,6.703976419511309182e+00,1.080988602293627920e+00,2.279283390554712185e-01,6.830056668404118625e+00
1.134057561302763517e+01,7.312711489114562369e+00,1.120506179358353505e+00,2.270460001815299833e-01,6.826456974901384811e+00
1.162542501800459149e+01,7.932818595004292206e+00,1.159849289164937458e+00,2.262315389640479069e-01,6.822456212579242063e+00
1.188555673514196975e+01,8.563240243417411079e+00,1.199024111207767085e+00,2.254408553290582207e-01,6.818063583184246212e+00
1.212069490124497406e+01,9.202916012023607095e+00,1.238027634314556424e+00,2.246151592311756984e-01,6.813281668770532207e+00
1.233061690168857183e+01,9.850781427671234880e+00,1.276844672695220728e+00,2.236772434619510586e-01,6.808099809539474023e+00
1.251516196023215244e+01,1.050576715145149187e+01,1.315444220777002293e+00,2.225277312309892341e-01,6.802494232216611536e+00
1.267424287213840906e+01,1.116679944909737898e+01,1.353775235255299636e+00,2.210418023087923345e-01,6.796432771762725977e+00
1.280786110281059997e+01,1.183280273878281541e+01,1.391762010496167878e+00,2.190669085587013121e-01,6.789879493081381057e+00
1.291612514871873607e+01,1.250270470576572279e+01,1.429299363630468944e+00,2.164216796495843642e-01,6.782796354417532925e+00
1.299927184259962765e+01,1.317544431358525259e+01,1.466247857589711989e+00,2.128959386240952822e-01,6.775141998742055804e+00
1.305769013431981129e+01,1.384998301603807924e+01,1.502429281274400230e+00,2.082516577224005627e-01,6.766869235755450518e+00
1.309194673490208594e+01,1.452531942592663938e+01,1.537622590614075913e+00,2.022246971604596544e-01,6.757922514463965413e+00
1.310281287550222373e+01,1.520050749973574433e+01,1.571560487446236110e+00,1.945271388760994036e-01,6.748235769717814136e+00
1.309129135721619619e+01,1.587467793354083589e+01,1.603926759940042412e+00,1.848499244236123662e-01,6.737730446416305696e+00
1.305864310931059435e+01,1.654706199379035780e+01,1.634354422915446303e+00,1.728654207203342286e-01,6.726313524053253445e+00
1.300641266238101501e+01,1.721701650147708307e+01,1.662424591138268015e+00,1.582295811055287049e-01,6.713875720110937806e+00
1.293645226955280414e+01,1.788404820045201760e+01,1.687665919027607986e+00,1.405836071420793476e-01,6.700290420157983817e+00
1.285094482820245609e+01,1.854783529174784462e+01,1.709554375957795358e+00,1.195554761027398522e-01,6.685414144780796875e+00
1.275242619178377979e+01,1.920824350585353812e+01,1.727513127404019411e+00,9.476241498516548012e-02,6.669089582030727215e+00
1.264380781331896486e+01,1.986533369576957853e+01,1.740912389290649065e+00,6.581642410066915194e-02,6.651152468676251317e+00
1.252840080065101525e+01,2.051935752359550236e+01,1.749069345378007734e+00,3.233627063289035847e-02,6.631443821626046287e+00
1.240994224303157623e+01,2.117073731270879833e+01,1.751248581551712480e+00,-6.029247833178239674e-03,6.609828891061644285e+00
1.229262393971490397e+01,2.182002546240005714e+01,1.746663980447815678e+00,-4.956116980402443251e-02,6.586223233069521399e+00
1.218112227755008981e+01,2.246783792299141780e+01,1.734483578475490617e+00,-9.840864092308240774e-02,6.560624066931692866e+00
1.208062579650295021e+01,2.311475518808786944e+01,1.713839456191430743e+00,-1.525045613035815595e-01,6.533141731359979332e+00
1.199685367116046386e+01,2.376118343666618316e+01,1.683845370067686309e+00,-2.114642356525899269e-01,6.504022899855366191e+00
1.193605341547276488e+01,2.440716862992216818e+01,1.643625880515066306e+00,-2.744802560915545198e-01,6.473655572965242300e+00
1.190495878595065982e+01,2.505215913531897343e+01,1.592362928712282244e+00,-3.402305279117103232e-01,6.442551325587553279e+00
1.191067838464958406e+01,2.569472000675050083e+01,1.529370047462170534e+00,-4.068126047222387909e-01,6.411300897692084888e+00
1.196047209613962004e+01,2.633221886901497655e+01,1.454211372256448254e+00,-4.717002058103454409e-01,6.380520924455295173e+00
1.206135959504652710e+01,2.696053442197315775e+01,1.366891956846737033e+00,-5.316919143858716001e-01,6.350796794829554059e+00
1.221950173925307048e+01,2.757388872150010783e+01,1.268155495031849433e+00,-5.827787169825831004e-01,6.322616755375758402e+00
1.243932127839467761e+01,2.816498097322796568e+01,1.159928267586268991e+00,-6.197913978667084489e-01,6.296402140917551904e+00
1.272241853070743112e+01,2.872568093488779795e+01,1.045906639470958854e+00,-6.357557647275218216e-01,6.272706195121653394e+00
1.306655143244241657e+01,2.924848303202886868e+01,9.318891239807064464e-01,-6.231136343129621835e-01,6.252055794058692939e+00
1.346587994866746740e+01,2.972811438703524445e+01,8.218275192294556275e-01,-6.050497847243667682e-01,6.236385780294781966e+00
1.391347498993114229e+01,3.016098852796497098e+01,7.162353164966316355e-01,-5.865213576778676163e-01,6.222856424790421670e+00
1.440232856840532172e+01,3.054456866803648296e+01,6.151000167277499431e-01,-5.672512072171802533e-01,6.210016445011019570e+00
1.492558101507376733e+01,3.087736079311791926e+01,5.186243646537018748e-01,-5.456662777574665668e-01,6.197112527493606748e+00
1.547660046673172296e+01,3.115901001269646287e+01,4.272920093576753064e-01,-5.205553702318403975e-01,6.183760318428772607e+00
1.604912521358865263e+01,3.139033141818361372e+01,3.416197165372136801e-01,-4.924046705230404886e-01,6.169821881424271126e+00
1.663747966378021559e+01,3.157312233313346894e+01,2.617629870439440731e-01,-4.639252602268139625e-01,6.155359826589776873e+00
1.723676374980165704e+01,3.170972233478013180e+01,1.872504140666578221e-01,-4.388323129978021764e-01,6.140587933525596398e+00
1.784290445963549487e+01,3.180247941407892043e+01,1.170331076954881089e-01,-4.200186697875606945e-01,6.125869890826614039e+00
1.845256256576863407e+01,3.185333140984149125e+01,4.974570232633776512e-02,-4.087562148825101827e-01,6.111943254196043895e+00
