4.500000000000000000e+00,-4.000000000000000000e+00,1.570796326794896558e+00,0.000000000000000000e+00,8.000000000000000000e+00
4.496863740633181727e+00,-3.278392269220941735e+00,1.584088748052790541e+00,1.523228624002137543e-01,6.432403042421317885e+00
4.481680889954863467e+00,-2.679772301369347076e+00,1.608815788552455883e+00,1.756217256920264425e-01,5.544151525994130303e+00
4.455033098445206008e+00,-2.148974562531652754e+00,1.633460157054383632e+00,1.913840139476030711e-01,5.085441852236097127e+00
4.417721584010011249e+00,-1.651846771577036188e+00,1.658137396899695082e+00,1.996056992780576023e-01,4.885331472680605636e+00
4.369419156825284922e+00,-1.168418933769092005e+00,1.682586244895672767e+00,1.976588479935445508e-01,4.831609541843724820e+00
4.309655539640400157e+00,-6.879063169715714521e-01,1.706312417412126248e+00,1.894233641578313421e-01,4.852915522541636939e+00
4.238189928229448178e+00,-2.052574887133841730e-01,1.729076168686592085e+00,1.795830348994057191e-01,4.905516839547979124e+00
4.155049889014144959e+00,2.811552318974778752e-01,1.750905988333704588e+00,1.707007686546791192e-01,4.964017526327809016e+00
4.060477299369035897e+00,7.710480266527981463e-01,1.771931453301830661e+00,1.632883247771211022e-01,5.014922219185858232e+00
3.954878869846687461e+00,1.263194607821829241e+00,1.792246915947073083e+00,1.568362923708236101e-01,5.052212424071805152e+00
3.838796099250931348e+00,1.756027756059837408e+00,1.811862658421886874e+00,1.506509546509782471e-01,5.074345570944196915e+00
3.712881405383795741e+00,2.247992832297062371e+00,1.830718395679117094e+00,1.442339713462010009e-01,5.082263850834192631e+00
3.577870084560395014e+00,2.737735841356099264e+00,1.848717984567682215e+00,1.373362998052099770e-01,5.078114878327027348e+00
3.434548032937560169e+00,3.224184599026787446e+00,1.865758777364592058e+00,1.298774450062884223e-01,5.064465229472959074e+00
3.283720742631444089e+00,3.706564725789752046e+00,1.881747312286708329e+00,1.218533022632764806e-01,5.043846206875024940e+00
3.126188764764637806e+00,4.184379392626498273e+00,1.896603809996318279e+00,1.132793648921433527e-01,5.018516062216503038e+00
2.962731836540615227e+00,4.657371804956000894e+00,1.910260966919743009e+00,1.041703405538019489e-01,4.990357654123179110e+00
2.794101074265350260e+00,5.125482013820698235e+00,1.922661366827967289e+00,9.454111687945537801e-02,4.960856834904306290e+00
2.621017164194338722e+00,5.588804534753116116e+00,1.933755635253354033e+00,8.441461306694433842e-02,4.931125939606045172e+00
2.444172813835695734e+00,6.047549204551271984e+00,1.943500164767144378e+00,7.380196295632804326e-02,4.901930750534824632e+00
2.264237444435370339e+00,6.502008497336352555e+00,1.951856987522429421e+00,6.275030114125046410e-02,4.873781540533566492e+00
2.081873826012733186e+00,6.952496000299987600e+00,1.958805918935142776e+00,5.149898361175800354e-02,4.846227322459289333e+00
1.897742759092644782e+00,7.399322655351251221e+00,1.964308590320442471e+00,3.951479670965211272e-02,4.819359043833276068e+00
1.712460536548644718e+00,7.842939154753340247e+00,1.968315133640419212e+00,2.712037075195153010e-02,4.795741796802277968e+00
1.526584573162815150e+00,8.283858573611901477e+00,1.971007395026282305e+00,1.787668978716184034e-02,4.774210060661794763e+00
1.340546334135532147e+00,8.722621569367049688e+00,1.972394746017623435e+00,5.403287078507019135e-03,4.757279433759296516e+00
1.154904328578366890e+00,9.159669036121243835e+00,1.972290607170852139e+00,-7.165600929012062859e-03,4.739529363404984430e+00
9.703291638101078087e-01,9.595304171022446482e+00,1.970518214655608835e+00,-2.280988870545553812e-02,4.722944348393148140e+00
7.876077830667542745e-01,1.002970184064050763e+01,1.967190453188888632e+00,-3.367343262450678276e-02,4.702312015111041354e+00
6.073509282621822880e-01,1.046304294823375436e+01,1.962575908296984695e+00,-4.494873894920575069e-02,4.684432695100498201e+00
4.300917291829485789e-01,1.089545450692874873e+01,1.956980781815698567e+00,-5.076194120337423205e-02,4.662249061353851864e+00
2.562331764985498195e-01,1.132689894090875882e+01,1.950569898963973259e+00,-5.938980591097219042e-02,4.640908194095179518e+00
8.629269118798417459e-02,1.175776842837273328e+01,1.941732223631727816e+00,-9.296826918454689781e-02,4.622561662431279750e+00
-7.833961783887449792e-02,1.218905425780864604e+01,1.928260651147494453e+00,-1.394128626853273767e-01,4.610303441087169496e+00
-2.357905344667662051e-01,1.262162688731908133e+01,1.911184266405060672e+00,-1.551990690630324354e-01,4.596542302321567242e+00
-3.850303938754534583e-01,1.305576252855162700e+01,1.892321795406984197e+00,-1.705902549612322017e-01,4.585016172135463641e+00
-5.254052237371397149e-01,1.349159734548468492e+01,1.872378081627955382e+00,-1.743932151742382253e-01,4.572800816087963405e+00
-6.566552897302987413e-01,1.392895568175080534e+01,1.852327488484109885e+00,-1.733348814501927126e-01,4.559906992176279594e+00
-7.788045671424335126e-01,1.436756233287369611e+01,1.832533725909286648e+00,-1.710091918908811515e-01,4.546201038028050867e+00
-8.919647902704088693e-01,1.480711131991843921e+01,1.813043129018893307e+00,-1.692006415825349497e-01,4.531575558803740300e+00
-9.962399618425681336e-01,1.524730178926026625e+01,1.793759843189542513e+00,-1.685615297430150261e-01,4.516016431473073744e+00
-1.091691185757252214e+00,1.568785429332704418e+01,1.774552418468726689e+00,-1.690680564564657762e-01,4.499607610252145840e+00
-1.178336201820036511e+00,1.612851541992785442e+01,1.755311728654328274e+00,-1.703734746174797032e-01,4.482503714234387537e+00
-1.256165044145395759e+00,1.656905615288656008e+01,1.735973159440269198e+00,-1.720597967619548752e-01,4.464891512868780943e+00
-1.325159096891658894e+00,1.700926754259579354e+01,1.716515847298614394e+00,-1.737818975470402649e-01,4.446954782541692630e+00
-1.385306471359609271e+00,1.744895586938754661e+01,1.696950764957020130e+00,-1.753204588987482548e-01,4.428850845501764333e+00
-1.436611237641905570e+00,1.788793848227308558e+01,1.677306392378588251e+00,-1.765758146002745221e-01,4.410701073979519826e+00
-1.479096932564205602e+00,1.832604078175039675e+01,1.657616784150766520e+00,-1.775364643461692371e-01,4.392591906737400187e+00
-1.512805744747031111e+00,1.876309137073491229e+01,1.637913566218363703e+00,-1.782470325447334247e-01,4.374522048824094789e+00
-1.537795539321002325e+00,1.919891997994641741e+01,1.618220532340165274e+00,-1.787949903634585003e-01,4.356508255254481377e+00
-1.554135719023187034e+00,1.963335806286850271e+01,1.598552714968223487e+00,-1.792439290331764024e-01,4.338537277830705641e+00
-1.561903631365980427e+00,2.006623651052817792e+01,1.578917943362424969e+00,-1.796583098840486004e-01,4.320564593502711936e+00
-1.561181669041914466e+00,2.049738404606636877e+01,1.559317660600732180e+00,-1.800907685770895827e-01,4.302536236993604213e+00
-1.552055376966595457e+00,2.092662162652178992e+01,1.539749273161985732e+00,-1.805700471872238866e-01,4.284292554434137479e+00
-1.534613175575808341e+00,2.135375931778620995e+01,1.520208691499345122e+00,-1.811067980058146676e-01,4.265716868780152105e+00
-1.508946313554279106e+00,2.177860582774254894e+01,1.500690564219843370e+00,-1.817183539919710322e-01,4.246840817595798789e+00
-1.475148438469385814e+00,2.220097219441459302e+01,1.481189570904850816e+00,-1.823891426319616815e-01,4.227622794396082462e+00
-1.433315633009983658e+00,2.262067733877320208e+01,1.461702819656750751e+00,-1.830878877764337276e-01,4.208206069275520100e+00
-1.383546182493813337e+00,2.303755466374398608e+01,1.442228952573485712e+00,-1.838090588794531743e-01,4.188680800954529992e+00
-1.325940325088018179e+00,2.345144814111744580e+01,1.422766155969439561e+00,-1.845607615701823356e-01,4.169112158840644788e+00
-1.260599258941423662e+00,2.386221187200690963e+01,1.403311463995982278e+00,-1.853506215963592052e-01,4.149583748963972418e+00
-1.187624595987716747e+00,2.426970757850230243e+01,1.383861575690913170e+00,-1.861737397454162057e-01,4.130113226459431353e+00
-1.107119054320715446e+00,2.467379979807739332e+01,1.364414341299261979e+00,-1.870140942852806243e-01,4.110688065267374292e+00
-1.019187312688572211e+00,2.507435487229420801e+01,1.344969656633335342e+00,-1.878505762300862469e-01,4.091303343228854139e+00
-9.239360953157007561e-01,2.547124411439100911e+01,1.325529052451933198e+00,-1.886715448560742636e-01,4.072007549626690981e+00
-8.214749702626928940e-01,2.586434204074708632e+01,1.306095390488247077e+00,-1.894628533368948597e-01,4.052755970287329923e+00
-7.119167595129094472e-01,2.625352649999902610e+01,1.286672594371314204e+00,-1.902176279978597118e-01,4.033595095643874195e+00
-5.953778167662484577e-01,2.663867856298032066e+01,1.267265278828632713e+00,-1.909287670921315516e-01,4.014473472117344066e+00
-4.719797954489473035e-01,2.701967766574827934e+01,1.247878488455828272e+00,-1.915991630053874573e-01,3.995330807703381559e+00
-3.418472543701964184e-01,2.739640969951278393e+01,1.228517483543078992e+00,-1.922180908639330166e-01,3.976280472825253653e+00
-2.051068112151899214e-01,2.776876877110712272e+01,1.209187374911251611e+00,-1.927937464519317856e-01,3.957296944325737087e+00
-6.188909260292044245e-02,2.813665020519848881e+01,1.189892327929120253e+00,-1.933379220386464981e-01,3.938344884761389331e+00
8.767173200779931896e-02,2.849995109105414670e+01,1.170635945232128439e+00,-1.938512070022992140e-01,3.919409087325560925e+00
2.434421615236173619e-01,2.885857994862345777e+01,1.151421884190356959e+00,-1.943234166169167942e-01,3.900662206600203241e+00
4.052908358541578715e-01,2.921245830100805208e+01,1.132253421842043917e+00,-1.947616776694303942e-01,3.882126965820232201e+00
5.730859974860718076e-01,2.956151266380917875e+01,1.113132763536560876e+00,-1.951776956133981222e-01,3.863807047757171098e+00
7.466988515806846083e-01,2.990567969430265904e+01,1.094060929408651850e+00,-1.955752397902273121e-01,3.845845916804980114e+00
9.260086536690773640e-01,3.024491372064099082e+01,1.075038603769715051e+00,-1.959402612216031014e-01,3.828427194474055995e+00
1.110900319812804460e+00,3.057917975290012080e+01,1.056066385812061803e+00,-1.962785024704337411e-01,3.811548865766221539e+00
1.301264963393054641e+00,3.090845256968047039e+01,1.037144839485459880e+00,-1.965751894571700353e-01,3.795384851347190391e+00
1.497004506661216983e+00,3.123272321199599943e+01,1.018274848297382684e+00,-1.968206207491475512e-01,3.780093361884098613e+00
1.698031494530999996e+00,3.155199624283022075e+01,9.994570472138879502e-01,-1.970135986637243375e-01,3.765801381206357767e+00
1.904269981334586692e+00,3.186628887483878358e+01,9.806923468469112004e-01,-1.971337180044697990e-01,3.752664382620312544e+00
2.115651395718425309e+00,3.217562358033971037e+01,9.619828705819557513e-01,-1.971688907623471432e-01,3.740643487558961588e+00
2.332113252256692970e+00,3.248002614958299006e+01,9.433320259625187498e-01,-1.970992792751598277e-01,3.729850575195737150e+00
2.553601350440859008e+00,3.277952870512348937e+01,9.247432054482176422e-01,-1.969355920559763551e-01,3.720324029186546255e+00
2.780069308886285562e+00,3.307416784292315981e+01,9.062200321481049814e-01,-1.966548551713338810e-01,3.712142758993446812e+00
3.011477810079034256e+00,3.336398342747341417e+01,8.877665513500615502e-01,-1.962654606634813004e-01,3.705319628538926047e+00
3.247793244480741137e+00,3.364901621415825161e+01,8.693866144636134274e-01,-1.957602302799212046e-01,3.699882148219908906e+00
3.488987016312570244e+00,3.392930684495481586e+01,8.510840636639335210e-01,-1.951453224684936150e-01,3.695821750857935406e+00
3.735032373639030734e+00,3.420489182743347101e+01,8.328614623949662787e-01,-1.944456025300687896e-01,3.693066590653491410e+00
3.985902109503043800e+00,3.447580063576061349e+01,8.147201726944180988e-01,-1.936697415162445812e-01,3.691537547974437672e+00
4.241565660919772718e+00,3.474205301739905138e+01,7.966605662021839507e-01,-1.928423833023741596e-01,3.691087610620365389e+00
4.501985774855525868e+00,3.500365617147414810e+01,7.786821288589850232e-01,-1.919743727518781473e-01,3.691554629032925305e+00
4.767115407048719611e+00,3.526060307283573536e+01,7.607842123369517040e-01,-1.910778231237049429e-01,3.692727893566012831e+00
5.036892235246538618e+00,3.551286904691490065e+01,7.429657760244371412e-01,-1.901749321895583600e-01,3.694322075532714855e+00
5.311240604050021297e+00,3.576041562395973017e+01,7.252256594973044423e-01,-1.892675036133507904e-01,3.696210148608932045e+00
5.590075363367087213e+00,3.600319596771147701e+01,7.075632974199973502e-01,-1.883558419105720028e-01,3.698238360222772414e+00
5.873306031185491882e+00,3.624115985356344538e+01,6.899784838871538817e-01,-1.874399991801499743e-01,3.700408775217878699e+00
6.160842475974423138e+00,3.647425899434838215e+01,6.724710086987464308e-01,-1.865200274468846731e-01,3.702723432975963291e+00
6.452594952149469876e+00,3.670244699462190141e+01,6.550406577618805848e-01,-1.855959786541443446e-01,3.705184348514841020e+00
6.748474133564742239e+00,3.692567930501644469e+01,6.376872134846826023e-01,-1.846679046745807184e-01,3.707793513445232669e+00
7.048391145093010124e+00,3.714391317671282167e+01,6.204104550529381257e-01,-1.837358595852086052e-01,3.710552897025290342e+00
7.352257594071621050e+00,3.735710761544267200e+01,6.032101468086265017e-01,-1.828001441085287948e-01,3.713464468100553972e+00
7.659985747529858280e+00,3.756522327820883334e+01,5.860850248974150967e-01,-1.818818341775884084e-01,3.716531989129483904e+00
7.971497538796253224e+00,3.776821874968249659e+01,5.689726323949241271e-01,-1.822279403038475354e-01,3.719868516462272900e+00
8.287031686411086895e+00,3.796591797410664526e+01,5.497774318519954573e-01,-2.243989587174270994e-01,3.727306561116286332e+00
8.610158381012089635e+00,3.815659928450182292e+01,5.101187353902456589e-01,-5.665641398092283731e-01,3.777060011109301563e+00
8.965007482091317925e+00,3.833546262380767899e+01,4.098811194128406110e-01,-9.776930524288631741e-01,4.173817179363362051e+00
9.431068015344866495e+00,3.849539437379623763e+01,2.611409868027879666e-01,-7.819345355086407823e-01,5.689959588221420894e+00
1.008138353266574150e+01,3.862301401998193029e+01,1.387983538947125117e-01,-4.929461872118061083e-01,7.572630240509295341e+00
1.092082002433287791e+01,3.869460207639076543e+01,3.403654366777532359e-02,-4.315787959803845109e-01,9.284740385873345048e+00
1.190702392300098644e+01,3.867343787407384070e+01,-7.567638148707264700e-02,-4.057000992221725388e-01,1.045377464923435618e+01
1.297376285886713099e+01,3.853389409869237170e+01,-1.811729719654050497e-01,-3.419340490531996291e-01,1.107275201226235772e+01
1.406403105661384245e+01,3.828040432474779919e+01,-2.732023204860733467e-01,-2.933592530392214459e-01,1.132212795912977832e+01
1.514076139450743952e+01,3.792933767997745775e+01,-3.563624630786825231e-01,-2.778428132116921856e-01,1.133475137148427159e+01
1.618156428240559208e+01,3.749321072387497367e+01,-4.374390810771490723e-01,-2.816985895433765097e-01,1.124112241556778891e+01
1.717521149837089922e+01,3.697822763845166349e+01,-5.191088954217764062e-01,-2.861645378834109521e-01,1.114850732490856622e+01
1.811622336199536321e+01,3.638824853057660391e+01,-6.009483430843595153e-01,-2.869334927936783575e-01,1.107101037114429509e+01
1.900218572711225917e+01,3.572663981085813134e+01,-6.815968073588608567e-01,-2.806502394838522041e-01,1.104973399393444389e+01
1.983313752743138636e+01,3.499653110120506483e+01,-7.596069415977848571e-01,-2.691246487422199185e-01,1.107862174106264952e+01
2.060963804512133635e+01,3.420146396048026816e+01,-8.340990502464491474e-01,-2.546755933314298059e-01,1.115339227522332699e+01
2.133248308026450246e+01,3.334501957039861963e+01,-9.047040045723011570e-01,-2.389614927112156395e-01,1.126556270657082059e+01
2.200218923084356604e+01,3.243101491119850266e+01,-9.714305361206048151e-01,-2.236513534648550405e-01,1.140060013344366219e+01
2.261862376798418950e+01,3.146376527288596492e+01,-1.034714130676825050e+00,-2.107278839209110743e-01,1.154283073025226791e+01
2.318083178012362566e+01,3.044810905947496593e+01,-1.095243776410043335e+00,-2.004626540748359886e-01,1.167825395435905556e+01
2.368717626646589025e+01,2.938942668934398483e+01,-1.153733229742663680e+00,-1.930552953371577063e-01,1.179586615018827978e+01
2.413549489037708184e+01,2.829360828246786852e+01,-1.210962221150058582e+00,-1.888745415796365679e-01,1.188695655019227893e+01
2.452343419518953027e+01,2.716632878181157196e+01,-1.267647030015228715e+00,-1.869711746853859879e-01,1.195952410322487758e+01
2.484832795816775786e+01,2.601377834117373311e+01,-1.324489345366504756e+00,-1.882616099625424311e-01,1.199305095184364767e+01
2.510714082691994520e+01,2.484280860996332052e+01,-1.382265497456735437e+00,-1.924398649829038854e-01,1.199489884601414680e+01
2.529684553363890487e+01,2.366007708512573515e+01,-1.441556504463074706e+00,-1.984329516638146385e-01,1.196558657479169874e+01
2.541483429898536173e+01,2.247134066046656997e+01,-1.502451391701892902e+00,-2.038020524929181065e-01,1.192965723122889266e+01
2.545927799444502782e+01,2.128172876730219443e+01,-1.564700448368255614e+00,-2.085161198861869569e-01,1.188302346308412005e+01
2.542905871677920615e+01,2.009684579134452065e+01,-1.628129624589242708e+00,-2.131702960773292355e-01,1.182631628272532076e+01
2.532372680406606946e+01,1.892231784387701410e+01,-1.692540227972563205e+00,-2.169633072952599773e-01,1.176259283523264010e+01
2.514362805555910896e+01,1.776350922694112100e+01,-1.757540716535024083e+00,-2.193228323226633081e-01,1.169594326547836438e+01
2.488996629677920325e+01,1.662531399036904389e+01,-1.822648492921022267e+00,-2.200543690234958993e-01,1.163054939390229059e+01
2.456471844911694546e+01,1.551202092876411065e+01,-1.887374592495715708e+00,-2.191211189130763959e-01,1.157011735784030471e+01
2.417048520567279724e+01,1.442724767074115277e+01,-1.951256698900611486e+00,-2.165604912567064000e-01,1.151759366123372352e+01
2.371033171237849402e+01,1.337392746062716320e+01,-2.013878484298058602e+00,-2.124993582615332666e-01,1.147507085844778096e+01
2.318763172015988161e+01,1.235433678271659907e+01,-2.074891187037131157e+00,-2.071658043419698503e-01,1.144381003800683949e+01
2.260591966193395308e+01,1.137015710946679548e+01,-2.134032791166363463e+00,-2.008660746355865889e-01,1.142433008049434129e+01
2.196875897134371769e+01,1.042256325778214965e+01,-2.191137791237150356e+00,-1.939418497059213209e-01,1.141653026091039003e+01
2.127963580630290963e+01,9.512327941422320521e+00,-2.246135934363848285e+00,-1.867296886569271286e-01,1.141982384769490189e+01
2.054188308055859835e+01,8.639931293447288496e+00,-2.299042880098173924e+00,-1.795341995281933833e-01,1.143326815152257403e+01
1.975863403000926510e+01,7.805666195859881640e+00,-2.349947083002545956e+00,-1.726160374719380997e-01,1.145568232449600465e+01
1.893280054060934248e+01,7.009733817496973884e+00,-2.398996380060107292e+00,-1.661906499302053253e-01,1.148574815553687323e+01
1.806707040647074436e+01,6.252327760912701038e+00,-2.446386641510996718e+00,-1.604356068705397043e-01,1.152207889014271380e+01
1.716386352818008021e+01,5.533659565677782943e+00,-2.492341685085421865e+00,-1.554002677601797333e-01,1.156472367250496269e+01
1.622461172211120584e+01,4.853414701066831149e+00,-2.536950739075266359e+00,-1.499104820618639700e-01,1.163139743669063897e+01
1.525197699891296743e+01,4.212344502583859729e+00,-2.580629205387866776e+00,-1.478119001683846356e-01,1.166843144434838031e+01
1.424949986295893289e+01,3.612477337966070401e+00,-2.624080954741640159e+00,-1.475504484982697040e-01,1.169834649736075072e+01
1.321911586273222206e+01,3.055245541066065051e+00,-2.667593313579715630e+00,-1.474310282685380447e-01,1.173167685214004585e+01
1.216211374253432886e+01,2.541831031719024470e+00,-2.711283082892297358e+00,-1.478196435069619175e-01,1.177208972242074303e+01
1.107958784176444667e+01,2.073525071707703393e+00,-2.755372980947262018e+00,-1.490030285996112314e-01,1.181941875846995593e+01
9.972692360511917542e+00,1.651964186931598633e+00,-2.800136390616407844e+00,-1.510382636444594917e-01,1.187163839307225111e+01
8.842810704848492520e+00,1.279203573569839048e+00,-2.845865413113444653e+00,-1.540224879832967630e-01,1.192609041425289540e+01
7.691651109561269628e+00,9.577331300046768581e-01,-2.892888760748284493e+00,-1.581322537946293350e-01,1.198018423849280900e+01
6.521297001368824731e+00,6.904892787308618551e-01,-2.941582521697446939e+00,-1.635243755962871581e-01,1.203175288820619393e+01
5.334247567685930669e+00,4.808558228414164248e-01,-2.992354336636762202e+00,-1.702571817428301382e-01,1.207919671090062685e+01
4.133469273479621009e+00,3.326331931679871179e-01,-3.045612802326956192e+00,-1.782763900782026456e-01,1.212150189392174759e+01
2.922462320375424749e+00,2.499663849797008619e-01,-3.101737643254018462e+00,-1.874401120075501470e-01,1.215818903535141082e+01
1.705336615144708690e+00,2.372334573198145724e-01,-3.161057811760775493e+00,-1.975500578783702388e-01,1.218922691180540063e+01
4.868884805329959375e-01,2.989006284045246375e-01,-3.223837296075971359e+00,-2.083731667773454366e-01,1.221493396047409341e+01
-7.273316848546205193e-01,4.393491660059863357e-01,-3.290265748312921623e+00,-2.196530075121434777e-01,1.223588159787056462e+01
-1.930971431783447656e+00,6.626779178565763706e-01,-3.360451605079050719e+00,-2.311161460019507674e-01,1.225280754381682691e+01
-3.116859388381661766e+00,9.724859375700262154e-01,-3.434416832248638141e+00,-2.424780419207907267e-01,1.226654298627134132e+01
-4.277030862140246192e+00,1.371642411539569562e+00,-3.512093460870362893e+00,-2.534504051241144862e-01,1.227795434598157520e+01
-5.402805687741556007e+00,1.862054953936931767e+00,-3.593322438970772303e+00,-2.637499630568553299e-01,1.228789845407071901e+01
-6.484924653040963882e+00,2.444451085386103006e+00,-3.677855265214371450e+00,-2.731078786990394636e-01,1.229718909587389142e+01
-7.513745695104419475e+00,3.118190369353342373e+00,-3.765358695225985208e+00,-2.812791422909823313e-01,1.230657287031564273e+01
-8.479494666626170130e+00,3.881125543844185621e+00,-3.855422651231306119e+00,-2.880514690442216863e-01,1.231671272613216495e+01
-9.372558552175116020e+00,4.729529534660799506e+00,-3.947571292006379018e+00,-2.932532036936654207e-01,1.232817799461902375e+01
-1.018380257361565278e+01,5.658101174512914611e+00,-4.041276937869216823e+00,-2.967595048676009983e-01,1.234144005504733776e+01
-1.090488788097220585e+01,6.660055903769996455e+00,-4.135976182032291781e+00,-2.984959336399263807e-01,1.235687283564204186e+01
-1.152856462274856142e+01,7.727299430757589960e+00,-4.231087150579229572e+00,-2.984387941379619824e-01,1.237475712183782584e+01
-1.204891412119058458e+01,8.850668508954111502e+00,-4.326027538362521518e+00,-2.966199927955722182e-01,1.239517217765686219e+01
-1.246152748743755190e+01,1.002023085811201319e+01,-4.420230274393635916e+00,-2.931045218034279976e-01,1.241824232802406591e+01
-1.276360889525373565e+01,1.122562166811920115e+01,-4.513156325011268066e+00,-2.879936296751791081e-01,1.244403344889140151e+01
-1.295399295186347643e+01,1.245638103170159638e+01,-4.604307796905658279e+00,-2.814278854720316247e-01,1.247253972758813312e+01
-1.303308057213189386e+01,1.370227271477569708e+01,-4.693241971214574093e+00,-2.735924391376305942e-01,1.250367753095091494e+01
-1.300270038061940703e+01,1.495356322203892674e+01,-4.779586585250736874e+00,-2.647219076831326956e-01,1.253728568181590042e+01
-1.286590737744309720e+01,1.620124326654529412e+01,-4.863055984385054487e+00,-2.551029887437635257e-01,1.257313312118194837e+01
-1.262673506461143624e+01,1.743717830307317840e+01,-4.943466035721781004e+00,-2.450659536781004122e-01,1.261093312468212524e+01
-1.228992283943250108e+01,1.865418120325547946e+01,-5.020743120714433516e+00,-2.349580317328266443e-01,1.265035981344864702e+01
-1.186064608796856312e+01,1.984600936352708089e+01,-5.094921737304535903e+00,-2.251006151903802155e-01,1.269106038059050512e+01
-1.134427844856952206e+01,2.100729975820279449e+01,-5.166127265441875061e+00,-2.157406336475077846e-01,1.273265746664197984e+01
-1.074621157347800171e+01,2.213346578668094011e+01,-5.234543810231743421e+00,-2.070067775264993470e-01,1.277473987525100974e+01
-1.007174854524211582e+01,2.322058646114321334e+01,-5.300369088581277310e+00,-1.988734338084001962e-01,1.281684365364631795e+01
-9.326076853401383815e+00,2.426532126865666328e+01,-5.363757801630801403e+00,-1.911272154951584035e-01,1.285842745374207929e+01
-8.514315258793557106e+00,2.526488896668269746e+01,-5.424753008106511842e+00,-1.833281286038514757e-01,1.289895317574272759e+01
-7.641628091065068240e+00,2.621713065369805662e+01,-5.483219440689015123e+00,-1.748636541503397479e-01,1.293762913831204209e+01
-6.713360959801637051e+00,2.712065530018770687e+01,-5.538832190851457504e+00,-1.652276875690585622e-01,1.297352075978068875e+01
-5.735089504186487552e+00,2.797498375469527687e+01,-5.591211658633881143e+00,-1.546139720994365307e-01,1.300553162611118729e+01
-4.712465749390895908e+00,2.878048632445947774e+01,-5.640214909439190016e+00,-1.442613937468061602e-01,1.303238613469169671e+01
-3.650867536767955279e+00,2.953796680905927019e+01,-5.686199350719620682e+00,-1.359502766644792582e-01,1.305260722286779007e+01
-2.555048057675516127e+00,3.024801129059209615e+01,-5.730014074599490748e+00,-1.308757115674568372e-01,1.306448517000362664e+01
-1.429050416034943094e+00,3.091047994836727142e+01,-5.772626965228974782e+00,-1.285834020622385887e-01,1.306590864300983235e+01
-2.759445706891982542e-01,3.152470535135283569e+01,-5.814861460843065544e+00,-1.285834020622385887e-01,1.306590864300983235e+01
