4.500000000000000000e+00,0.000000000000000000e+00,5.235987755982988157e-01,0.000000000000000000e+00,5.000000000000000000e+00
4.964187972685397909e+00,2.714488029014137660e-01,5.401331999460472488e-01,2.380376150613773834e-01,5.754756613348072314e+00
5.458552945961272940e+00,5.798308926508075611e-01,5.752568041811754185e-01,2.351666654291377778e-01,5.899103589480131582e+00
5.947747868860736808e+00,9.094411920459247733e-01,6.105541592885285196e-01,2.346781364681148618e-01,5.899044583761766880e+00
6.424454534317927568e+00,1.255720192705477967e+00,6.459550225406930357e-01,2.370148919433844314e-01,5.885600493652622056e+00
6.887850811095582948e+00,1.618160766228879499e+00,6.815911280959524587e-01,2.383944212095402970e-01,5.881062718734763273e+00
7.337834514826052867e+00,1.996780425524457447e+00,7.174061233711838126e-01,2.394849855522572790e-01,5.881167512469768432e+00
7.773922768374093906e+00,2.391293142732187071e+00,7.533938494500501681e-01,2.406282674380568198e-01,5.880644826072493281e+00
8.195387194446084322e+00,2.801162046332942523e+00,7.895317035327107380e-01,2.415375681361854876e-01,5.877967284935000869e+00
8.601520451008555668e+00,3.225770248591485423e+00,8.257432084194393784e-01,2.418343394937951252e-01,5.874038074356277228e+00
8.991765162190667127e+00,3.664511969964746374e+00,8.619075105132193437e-01,2.412352303927524644e-01,5.870285024336520330e+00
9.365725351764425000e+00,4.116797870414036886e+00,8.978744074647037055e-01,2.395507240326856802e-01,5.867617502672092478e+00
9.723134584681403680e+00,4.582017188105488081e+00,9.334727509615861063e-01,2.366524488381345770e-01,5.866209175908431384e+00
1.006383017114180412e+01,5.059496232184385711e+00,9.685131857671903655e-01,2.324332685432391465e-01,5.865711833967822919e+00
1.038775058845100041e+01,5.548474051736783430e+00,1.002786359614322942e+00,2.267656975470693226e-01,5.865569812485666112e+00
1.069495425334084437e+01,6.048099034568041432e+00,1.036057857663484461e+00,2.194756314214389992e-01,5.865260527267714075e+00
1.098565088818117808e+01,6.557440908404719160e+00,1.068062416581064600e+00,2.103412740633791023e-01,5.864411891025874901e+00
1.126023655016528480e+01,7.075510299693944738e+00,1.098500087316702123e+00,1.991108705783180555e-01,5.862816676632975010e+00
1.151932595205656717e+01,7.601279432023408944e+00,1.127035549326800501e+00,1.855247847310666498e-01,5.860387903261602638e+00
1.176377882917122442e+01,8.133699997136776716e+00,1.153300041268985776e+00,1.693309648162826253e-01,5.857096487453484990e+00
1.199471967293226271e+01,8.671716298047085658e+00,1.176894528863137390e+00,1.502913316119990350e-01,5.852918374869132911e+00
1.221355163695265666e+01,9.214273024300107195e+00,1.197392953212224276e+00,1.281831245692751087e-01,5.847803294880344005e+00
1.242196579079029739e+01,9.760317519773446193e+00,1.214345160615140751e+00,1.028011508208326874e-01,5.841666116360312522e+00
1.262194646507388285e+01,1.030879634284563906e+01,1.227279805992706141e+00,7.396540500216255976e-02,5.834395712349501828e+00
1.281577264059898980e+01,1.085864553483777684e+01,1.235707858944821380e+00,4.153605754931170152e-02,5.825874315429046213e+00
1.300601452991882212e+01,1.140877354311935221e+01,1.239127362659320886e+00,5.435903153976046065e-03,5.816000879360484710e+00
1.319552383145885521e+01,1.195803540149023725e+01,1.237029985469075388e+00,-3.432073727083514297e-02,5.804713450069058034e+00
1.338741557667985305e+01,1.250519672178553066e+01,1.228909831400242236e+00,-7.759441823158730323e-02,5.792007084051621568e+00
1.358503892476211128e+01,1.304888643680786764e+01,1.214275043615707039e+00,-1.240847698106614799e-01,5.777945159395486918e+00
1.379193356522972813e+01,1.358753820358193387e+01,1.192663016629543105e+00,-1.732955112689979760e-01,5.762663140513727633e+00
1.401176749850156966e+01,1.411932212751441895e+01,1.163660613991454706e+00,-2.245029839550566342e-01,5.746365195848842866e+00
1.424825092009407079e+01,1.464207128315279505e+01,1.126931764199293529e+00,-2.767291736195953700e-01,5.729315505510194306e+00
1.450501997803143084e+01,1.515321174622006417e+01,1.082256249996787600e+00,-3.287167474618823970e-01,5.711827213379273793e+00
1.478548387204982006e+01,1.564971090302740819e+01,1.029585406251111168e+00,-3.788984999908773244e-01,5.694252008339865334e+00
1.509263014799992852e+01,1.612806693247651779e+01,9.691225949320628752e-01,-4.253471553177207154e-01,5.676971381229493296e+00
1.542878772639716090e+01,1.658437232574550890e+01,9.014379109092300890e-01,-4.656856891722543912e-01,5.660386197413450837e+00
1.579535749612646889e+01,1.701449445808091809e+01,8.276248034609554605e-01,-4.969413038365538826e-01,5.644895631936107883e+00
1.619253923825607444e+01,1.741442129282800622e+01,7.494933736491361520e-01,-5.153616210822881127e-01,5.630856636182225650e+00
1.661911595049837942e+01,1.778080832049494120e+01,6.697537601119240014e-01,-5.163403147778339308e-01,5.618583287750293032e+00
1.707240173409649131e+01,1.811167566979628063e+01,5.919225188040314611e-01,-4.963716748922757382e-01,5.608174720228412902e+00
1.754868495061073830e+01,1.840677510694460040e+01,5.181858814293389681e-01,-4.724954211939584869e-01,5.600244594381632801e+00
1.804420735220479699e+01,1.866670006158320305e+01,4.486575251639514095e-01,-4.498258570533435474e-01,5.593139134566261994e+00
1.855551959744056845e+01,1.889228136371546185e+01,3.829066307817619585e-01,-4.297124848904386729e-01,5.586121708976560463e+00
1.907956626538223333e+01,1.908441872093406744e+01,3.204321891366745945e-01,-4.120478573931112276e-01,5.578877634453122347e+00
1.961365118579558242e+01,1.924403559988109080e+01,2.608261167662161983e-01,-3.961736454437857491e-01,5.571302008592357247e+00
2.015538184190278059e+01,1.937208926204180415e+01,2.038110161354977634e-01,-3.813843792915387887e-01,5.563396923131528560e+00
2.070262456962329978e+01,1.946959436213938943e+01,1.492190191823824508e-01,-3.671625346271827350e-01,5.555210868904642219e+00
2.125347534428069451e+01,1.953763798779152339e+01,9.695389185108807539e-02,-3.531974352113975146e-01,5.546800643286261767e+00
2.180624122062398484e+01,1.957738205680604793e+01,4.696300001364724086e-02,-3.392825259405490290e-01,5.538210432008216166e+00
2.235942716750184545e+01,1.959006007879072797e+01,-7.709769366760210740e-04,-3.251892428246827005e-01,5.529464443637070126e+00
2.291172637025669445e+01,1.957697761957771121e+01,-4.622221465306051297e-02,-3.105903331041664495e-01,5.520569193949399711e+00
2.346201497857391161e+01,1.953952131660712865e+01,-8.931016347719107629e-02,-2.950812711602751048e-01,5.511522182521461311e+00
2.400935260694938123e+01,1.947917275449944086e+01,-1.299017500794167057e-01,-2.783332999160880727e-01,5.502324881369097476e+00
2.455298700114008170e+01,1.939751367258766024e+01,-1.678450601255739028e-01,-2.603658127294832814e-01,5.492998164139643258e+00
2.509235620057454952e+01,1.929620296825593684e+01,-2.030392934240980995e-01,-2.417951222513508580e-01,5.483596653173358426e+00
2.562707818439478302e+01,1.917691215889602319e+01,-2.355175393811294871e-01,-2.238171653594158705e-01,5.474218561624767609e+00
2.615692158100517517e+01,1.904122644245754259e+01,-2.654987599019434374e-01,-2.078510245296016357e-01,5.465014486924823167e+00
2.668176126349719013e+01,1.889053889832597477e+01,-2.933804532549271760e-01,-1.950756280869369585e-01,5.456207898605657469e+00
2.720153198938053407e+01,1.872596800110883208e+01,-3.196805431195571812e-01,-1.861369775658388570e-01,5.448145772694913624e+00
2.771619614032933754e+01,1.854831389072059622e+01,-3.449575078650172211e-01,-1.810723651728418093e-01,5.441408038164946781e+00
