4.500000000000000000e+00,0.000000000000000000e+00,5.235987755982988157e-01,0.000000000000000000e+00,5.000000000000000000e+00
5.013162446209698864e+00,3.009052520290071975e-01,5.433610555991008617e-01,2.496015662900915033e-01,6.897765589025874888e+00
5.597330407008358044e+00,6.714392047883185333e-01,5.869965708593767317e-01,2.446711754308338316e-01,6.938759347252911880e+00
6.166350231587718334e+00,1.067952375253749864e+00,6.301569646736573382e-01,2.432270778420752011e-01,6.933240236228064290e+00
6.717528199686655377e+00,1.488358777311662884e+00,6.730009264860324913e-01,2.414600385180913911e-01,6.931999881687600507e+00
7.250157116583230810e+00,1.931807546508965912e+00,7.155177330886342002e-01,2.397637357839961791e-01,6.930362673654686390e+00
7.763405471306448646e+00,2.397298249650760660e+00,7.577144997033992135e-01,2.380873789287858977e-01,6.928594185611789413e+00
8.256499975940659652e+00,2.883811315780067996e+00,7.995948832435760822e-01,2.364424560461937941e-01,6.926474130023079212e+00
8.728713809526546186e+00,3.390299165732583830e+00,8.411636493288536798e-01,2.348387218152538369e-01,6.923939604913886825e+00
9.179378050016179458e+00,3.915700729490894982e+00,8.824267889588536251e-01,2.332779220549409671e-01,6.921103569530080435e+00
9.607885880364865017e+00,4.458952227019888248e+00,9.233915604301470292e-01,2.317643697137085623e-01,6.918088666450001867e+00
1.001368897105804479e+01,5.018990855543318474e+00,9.640669079123254104e-01,2.303051280163935788e-01,6.914992942521198671e+00
1.039629173555126584e+01,5.594755411954505320e+00,1.004463792471094408e+00,2.289109028871634810e-01,6.911860560819444999e+00
1.075524439456424730e+01,6.185183758685384170e+00,1.044595460965109801e+00,2.275961472105338390e-01,6.908656497206058233e+00
1.109013664825361722e+01,6.789208710336777308e+00,1.084477339853845201e+00,2.263750650266198594e-01,6.905281299830221542e+00
1.140059399383702221e+01,7.405755141118854468e+00,1.124126195172931331e+00,2.252556864396819680e-01,6.901611097358673064e+00
1.168627713304935511e+01,8.033739495206242864e+00,1.163558557259587456e+00,2.242352535990234652e-01,6.897532140927085109e+00
1.194688377257294754e+01,8.672071139645479931e+00,1.202788661767182798e+00,2.232977905033260990e-01,6.892958517442311361e+00
1.218215208699480101e+01,9.319654634012424665e+00,1.241826143811066041e+00,2.224130097409559026e-01,6.887837576695474695e+00
1.239186549017983729e+01,9.975392380753486776e+00,1.280673592080096235e+00,2.215356167839029333e-01,6.882148848037665800e+00
1.257585862890639739e+01,1.063818742383269011e+01,1.319323967497697314e+00,2.206045619510059730e-01,6.875898252688648071e+00
1.273402465797270189e+01,1.130694625558543542e+01,1.357757842449400343e+00,2.195420564837409771e-01,6.869108189343977600e+00
1.286632399023674012e+01,1.198058161914351771e+01,1.395940396982466636e+00,2.182522096736870809e-01,6.861805522309065708e+00
1.297279483591796634e+01,1.265801556731246436e+01,1.433818107585650647e+00,2.166192220556866221e-01,6.854010496717934942e+00
1.305356588009945540e+01,1.333818334379314763e+01,1.471315089378350427e+00,2.145052557057862685e-01,6.845728765390317605e+00
1.310887136054734903e+01,1.402003883231893155e+01,1.508329104138611765e+00,2.117482691548696061e-01,6.836946952930178512e+00
1.313906863054884866e+01,1.470256232015062814e+01,1.544727308603793148e+00,2.081601311639426632e-01,6.827630912371764893e+00
1.314465808216508513e+01,1.538477118994039294e+01,1.580341868445556353e+00,2.035252195494379190e-01,6.817725578942424036e+00
1.312630511186153548e+01,1.606573395149774797e+01,1.614965590246285387e+00,1.975995593407449680e-01,6.807155719421373874e+00
1.308486366145909052e+01,1.674458777647240737e+01,1.648347725593716229e+00,1.901104410437075565e-01,6.795827307304502796e+00
1.302140078350984709e+01,1.742055939012323407e+01,1.680190083033512582e+00,1.807564114045486225e-01,6.783629412572765638e+00
1.293722168399674999e+01,1.809298878519292586e+01,1.710143549590504630e+00,1.692075356261009689e-01,6.770436441050443399e+00
1.283389480831246665e+01,1.876135475485106952e+01,1.737805076664007853e+00,1.551058876091392369e-01,6.756110524542205731e+00
1.271327676812828678e+01,1.942530072239419781e+01,1.762715130382101369e+00,1.380663690515767372e-01,6.740504048921228453e+00
1.257753724075402779e+01,2.008465881557008714e+01,1.784355558061508251e+00,1.176782814885486833e-01,6.723462792094779594e+00
1.242918435659487209e+01,2.073946962538334304e+01,1.802147810135539263e+00,9.350872663915697769e-02,6.704830879043398362e+00
1.227109143078012110e+01,2.138999460472020786e+01,1.815451528809948867e+00,6.511005003823111537e-02,6.684459562416079415e+00
1.210652606074638449e+01,2.203671755268187837e+01,1.823563726742682300e+00,3.203519647287340205e-02,6.662222326099983327e+00
1.193918245102294406e+01,2.268033098897755195e+01,1.825719162667099438e+00,-6.133382062854995237e-03,6.638038349907474434e+00
1.177321719924190191e+01,2.332170230312137704e+01,1.821093029785636919e+00,-4.973489065417149163e-02,6.611904167197685034e+00
1.161328757881624973e+01,2.396181325664893080e+01,1.808807544343641105e+00,-9.895727294783530914e-02,6.583928972714262251e+00
1.146458948499484443e+01,2.460166478700983461e+01,1.787944235179989017e+00,-1.537428902699204125e-01,6.554363198133207113e+00
1.133288941906464764e+01,2.524213757517482648e+01,1.757563658679179186e+00,-2.136858394435823261e-01,6.523606636662596436e+00
1.122454055283638574e+01,2.588379835842154009e+01,1.716734388343174045e+00,-2.779425588728660079e-01,6.492182593334768548e+00
1.114646583524093515e+01,2.652664423441870412e+01,1.664574688538376757e+00,-3.451748395919832513e-01,6.460679913161372134e+00
1.110607994912476570e+01,2.716978425600711589e+01,1.600314782269967484e+00,-4.135282828952466794e-01,6.429674159532022593e+00
1.111110617736869344e+01,2.781107292256675478e+01,1.523396306993432425e+00,-4.806211607802638452e-01,6.399655852803808109e+00
1.116922598821681234e+01,2.844674125443607338e+01,1.433639369241453743e+00,-5.434829817788092710e-01,6.371026123017778708e+00
1.128748586642117147e+01,2.907112392088864894e+01,1.331529056523807597e+00,-5.983267824935437629e-01,6.344164192403730418e+00
1.147138558596845748e+01,2.967665437879577794e+01,1.218713750815184182e+00,-6.398863639208643983e-01,6.319346341859680471e+00
1.172361528503142836e+01,3.025444740478247851e+01,1.098837011080406434e+00,-6.599749755485954106e-01,6.297165277426533869e+00
1.204276122851326036e+01,3.079580517331244138e+01,9.776612162545803564e-01,-6.534057986870170920e-01,6.279097457820511430e+00
1.242334776002344299e+01,3.129386891836993456e+01,8.596311790790930329e-01,-6.370745643645773226e-01,6.264746612447328111e+00
1.285795550669233123e+01,3.174370561605776331e+01,7.464660195416187305e-01,-6.152520729028613244e-01,6.251718350399989355e+00
1.333846306856837138e+01,3.214216428157739358e+01,6.391959310980525055e-01,-5.886228845887900851e-01,6.238768913471562705e+00
1.385667050795902888e+01,3.248787649638155273e+01,5.385732528339541858e-01,-5.581578806656087854e-01,6.225314983138928504e+00
1.440478901180956228e+01,3.278105037420669987e+01,4.448424782826445600e-01,-5.268870897479708271e-01,6.211208997389975117e+00
1.497585892621810366e+01,3.302295516217444771e+01,3.574725282267549042e-01,-4.990579680860632861e-01,6.196587704534880281e+00
1.556396696164655502e+01,3.321524091459577477e+01,2.752230549490811140e-01,-4.780593017969301251e-01,6.181793044855857566e+00
1.616421479406275807e+01,3.335936199060640206e+01,1.964711827610502171e-01,-4.654087935783671748e-01,6.167544609985916360e+00
