4.500000000000000000e+00,0.000000000000000000e+00,5.235987755982988157e-01,0.000000000000000000e+00,5.000000000000000000e+00
5.002512482789708947e+00,2.944827874794436751e-01,5.426481890238785688e-01,2.472023314206602540e-01,6.649033228962553110e+00
5.560863153267322723e+00,6.475615987929509432e-01,5.854882186184480197e-01,2.603789606177250859e-01,6.564397376445851862e+00
6.099872844421063256e+00,1.022183283556085120e+00,6.292856056216156180e-01,2.612044664423748830e-01,6.564833155356168959e+00
6.622936070332611003e+00,1.420788340417983298e+00,6.729760031213206650e-01,2.582378208233074290e-01,6.588872503620093468e+00
7.129652351082710560e+00,1.843037011088345611e+00,7.164315276867956328e-01,2.570702034835278815e-01,6.603910343007051154e+00
7.618172432352789514e+00,2.287465757660077870e+00,7.599522667930055375e-01,2.583463869201704788e-01,6.605747201252976097e+00
8.086628432644880959e+00,2.752609149771445995e+00,8.038376788928723871e-01,2.614023605246904025e-01,6.598484712997576551e+00
8.533474162286188047e+00,3.237304012082537596e+00,8.482971255161135815e-01,2.655346243419701158e-01,6.587444307418355294e+00
8.957452507864980262e+00,3.740685400704551800e+00,8.934683660587737775e-01,2.702957135509917452e-01,6.576508277915786849e+00
9.357455897526065769e+00,4.262072527924820164e+00,9.394521051224747898e-01,2.754859718043670136e-01,6.567666884431373475e+00
9.732396927061060410e+00,4.800841312159020546e+00,9.863383646481894695e-01,2.810756382111193052e-01,6.561407978585256373e+00
1.008112439401410754e+01,5.356321683388404864e+00,1.034221044917819521e+00,2.871188414526118504e-01,6.557303667691725124e+00
1.040238533348560246e+01,5.927728826604972134e+00,1.083201586383621073e+00,2.936782470639257014e-01,6.554532753748762985e+00
1.069482243670485744e+01,6.514124095021208483e+00,1.133383867140905554e+00,3.007694405494684697e-01,6.552243958519783362e+00
1.095699523514009499e+01,7.114396240028554530e+00,1.184862913164013376e+00,3.083265458587378105e-01,6.549755764557971816e+00
1.118741659796387822e+01,7.727253882805489305e+00,1.237709817957506786e+00,3.161854116511050861e-01,6.546629680766447024e+00
1.138459994078537463e+01,8.351223089927611198e+00,1.291954731107448628e+00,3.240791101722376166e-01,6.542661537064597965e+00
1.154711547129193860e+01,8.984647584943649790e+00,1.347569198318720574e+00,3.316409604896844443e-01,6.537829718915739718e+00
1.167365536167628903e+01,9.625692552366640342e+00,1.404448707855468159e+00,3.384115518542127332e-01,6.532229530694317887e+00
1.176310794943400495e+01,1.027235563277017505e+01,1.462396102217635496e+00,3.438477129135250610e-01,6.526012000394887380e+00
1.181464013613134334e+01,1.092249021854022395e+01,1.521106547083858951e+00,3.473325888558778662e-01,6.519335680046003390e+00
1.182778544548668975e+01,1.157384637690764428e+01,1.580154927184261648e+00,3.481866299170180423e-01,6.512333284289404389e+00
1.180253320239067705e+01,1.222413364065504027e+01,1.638986719857818963e+00,3.456793625402773684e-01,6.505091598603672587e+00
1.173941256228896890e+01,1.287110759951442951e+01,1.696913433920016478e+00,3.390416130424797614e-01,6.497641920174253904e+00
1.163956424345195551e+01,1.351267889544323886e+01,1.753113499104175910e+00,3.274778987469714742e-01,6.489958260357716391e+00
1.150479329839828324e+01,1.414703927707867415e+01,1.806639069628077188e+00,3.101796507962636951e-01,6.481961128940528560e+00
1.133759833168937448e+01,1.477279543157666986e+01,1.856428722359702466e+00,2.863422821564140519e-01,6.473525845400819101e+00
1.114117600376158279e+01,1.538909810219773000e+01,1.901325678414756748e+00,2.551923752005116897e-01,6.464495892865090632e+00
1.091940380732683735e+01,1.599575210617197740e+01,1.940100915127930925e+00,2.160328678223006338e-01,6.454703558762587612e+00
1.067680821792423984e+01,1.659329265531401632e+01,1.971479803372694128e+00,1.683091798072556267e-01,6.444001615427375818e+00
1.041842669286068990e+01,1.718296704591120516e+01,1.994694188070863738e+00,1.181004143126993811e-01,6.432264148834097917e+00
1.014934702863516591e+01,1.776650770438634908e+01,2.009649791744764435e+00,6.749767792669804367e-02,6.419682007071890517e+00
9.874490920678589134e+00,1.834593274587308542e+01,2.016449460892770329e+00,1.723852035360056573e-02,6.406554861988694505e+00
9.598588845624286492e+00,1.892339724905991361e+01,2.015257048848404065e+00,-3.215771345589256425e-02,6.393246566713602697e+00
9.326197428420805124e+00,1.950106389113830474e+01,2.006298909199573544e+00,-7.992980512206725174e-02,6.380141298996557353e+00
9.061699598223734498e+00,2.008097274986614167e+01,1.989921053069589663e+00,-1.248933996173457461e-01,6.367603533131138249e+00
8.809257839166377835e+00,2.066490458510940087e+01,1.966674303186714434e+00,-1.653540384386454343e-01,6.355941222907814492e+00
8.572697952727400761e+00,2.125424230349604215e+01,1.937421330833653865e+00,-1.990366550822156577e-01,6.345370526977733405e+00
8.355301512819780285e+00,2.184984444964688421e+01,1.903463312844525523e+00,-2.230160795673444551e-01,6.335982217850297360e+00
8.159490441439027464e+00,2.245195293652752255e+01,1.866674370496910651e+00,-2.336865507167823763e-01,6.327695337986549262e+00
7.986409431654301727e+00,2.306015169905625228e+01,1.829607464687349250e+00,-2.269077439063027779e-01,6.319969383360881210e+00
7.835776069840017399e+00,2.367366244252453100e+01,1.793699729035771906e+00,-2.201864557924379795e-01,6.315357696234144669e+00
7.707010451228859971e+00,2.429168707476540234e+01,1.758887000089809360e+00,-2.139958549192400306e-01,6.311206097851728813e+00
7.599580721808083972e+00,2.491331765947840182e+01,1.725139692775695899e+00,-2.075873925664559749e-01,6.306297663691495359e+00
7.512920198586374276e+00,2.553762976348459546e+01,1.692489299305824479e+00,-2.010219297697433127e-01,6.300223583113819359e+00
7.446412738768307449e+00,2.616374128905962593e+01,1.660927457388293060e+00,-1.947297086376609809e-01,6.292977697305854434e+00
7.399429873966919757e+00,2.679084451277692835e+01,1.630380603423502217e+00,-1.890704220403617020e-01,6.284726318315316362e+00
7.371371293127655377e+00,2.741821489135476142e+01,1.600732676950944677e+00,-1.842005741065761704e-01,6.275683959426292091e+00
7.361688405495312004e+00,2.804520497079627361e+01,1.571854548902715809e+00,-1.801238609941772373e-01,6.266048708218649566e+00
7.369892300285830977e+00,2.867123242938594174e+01,1.543619529323140949e+00,-1.768086474921832518e-01,6.255991459688800660e+00
7.395557241727624742e+00,2.929576646598779277e+01,1.515896383435235695e+00,-1.743471621401624649e-01,6.245632061965206816e+00
7.438335199287727129e+00,2.991831438487872674e+01,1.488516135399432283e+00,-1.731226206828640757e-01,6.235076134301371198e+00
7.497991680455701413e+00,3.053840822663963195e+01,1.461243243445076612e+00,-1.735891765479608828e-01,6.224447512633643598e+00
7.574430972952879593e+00,3.115556735680454636e+01,1.433846553542612812e+00,-1.752587858432473056e-01,6.213438923264781977e+00
7.667619204956457324e+00,3.176927505932971130e+01,1.406355537389290422e+00,-1.753910286462363188e-01,6.201801050862256304e+00
7.777338635445642190e+00,3.237902141204749284e+01,1.379289625443010703e+00,-1.705998605862067141e-01,6.189363557052988796e+00
7.902962341088251463e+00,3.298441067324094433e+01,1.353308846407495603e+00,-1.624383808621683023e-01,6.176702554993564576e+00
8.043567326667178108e+00,3.358519649271035235e+01,1.328719233522414944e+00,-1.537065332430338216e-01,6.164003220181612619e+00
8.198205496906311396e+00,3.418121440806564948e+01,1.305310812318962288e+00,-1.480997833556311483e-01,6.151314609190807303e+00
