4.500000000000000000e+00,0.000000000000000000e+00,5.235987755982988157e-01,0.000000000000000000e+00,5.000000000000000000e+00
4.966086369761800512e+00,2.726099787190516821e-01,5.403660802273603236e-01,2.400534868198113680e-01,5.799259500150357738e+00
5.463945170650696959e+00,5.835118279829297760e-01,5.759799811876231690e-01,2.361305888787267326e-01,5.940583124455729447e+00
5.956155792962034567e+00,9.158269211421432576e-01,6.117307426441902507e-01,2.364301608075479733e-01,5.937837422695553258e+00
6.435550869397965279e+00,1.265119058175696365e+00,6.476852573828990600e-01,2.392959650711675157e-01,5.925763040967417794e+00
6.901453313592906369e+00,1.631059246185079026e+00,6.839674003369496935e-01,2.411571320864002166e-01,5.923554463464615338e+00
7.353711740532204111e+00,2.013709906274924855e+00,7.205080907579617389e-01,2.425996362373912807e-01,5.925466858833177142e+00
7.791751351302257156e+00,2.412773987624608818e+00,7.572676765214508832e-01,2.438278491511279844e-01,5.926459290299055382e+00
8.214800019550699162e+00,2.827709071896306714e+00,7.941848714768432460e-01,2.445963245857006862e-01,5.925649093542917356e+00
8.622152608118890171e+00,3.257910606990998659e+00,8.311607740220410268e-01,2.446621210090872967e-01,5.924236764717925041e+00
9.013261132899970107e+00,3.702787753321471254e+00,8.680732747789574599e-01,2.438759827565280536e-01,5.923487013916677313e+00
9.387714813362739719e+00,4.161749660355225977e+00,9.047865357143267673e-01,2.421415362129890614e-01,5.923892494906848327e+00
9.745198019664647049e+00,4.634157974707839855e+00,9.411510086255692187e-01,2.393687604158891147e-01,5.925200911181320862e+00
1.008547136454872373e+01,5.119286863881509220e+00,9.769980372236575228e-01,2.354347132204838711e-01,5.926779378935647102e+00
1.040838400224750693e+01,5.616306856043800089e+00,1.012131938768884076e+00,2.301588714512929901e-01,5.927967917024616895e+00
1.071390762082150161e+01,6.124290931923107806e+00,1.046322210116976459e+00,2.233031390884672729e-01,5.928283363088846514e+00
1.100217899701079105e+01,6.642233992196017844e+00,1.079298498639683190e+00,2.145929254599647784e-01,5.927470397571079630e+00
1.127354089731526265e+01,7.169076774809173713e+00,1.110749623134977604e+00,2.037441833012175740e-01,5.925454152440741140e+00
1.152857582670544190e+01,7.703728216721429156e+00,1.140325984330745834e+00,1.904826196074348443e-01,5.922255525451909364e+00
1.176813123582491372e+01,8.245083352024883183e+00,1.167643581055308077e+00,1.745506344412066924e-01,5.917912948186589972e+00
1.199333729776768998e+01,8.792035965996463531e+00,1.192288007994677601e+00,1.557059874480861417e-01,5.912431838113993976e+00
1.220561916663510793e+01,9.343486206340893219e+00,1.213817726944646180e+00,1.337192707702552219e-01,5.905765179932620512e+00
1.240670521259182557e+01,9.898343416454473243e+00,1.231766808629466636e+00,1.083758209390733168e-01,5.897818671196937146e+00
1.259863176855458278e+01,1.045552395439404414e+01,1.245647812781833119e+00,7.948475458703441188e-02,5.888470648148809161e+00
1.278374396227947329e+01,1.101394305789033901e+01,1.254955522441256743e+00,4.689562893691433254e-02,5.877598009015647662e+00
1.296469148918379588e+01,1.157249921329429831e+01,1.259172102735187648e+00,1.052229678143861216e-02,5.865102032717803837e+00
1.314441768721355963e+01,1.213004918739961546e+01,1.257774121592055039e+00,-2.962686875091002578e-02,5.850930610532429910e+00
1.332613985739175355e+01,1.268537199139925420e+01,1.250241840800322191e+00,-7.341389720078372871e-02,5.835095183046767886e+00
1.351331827996177637e+01,1.323712062317487259e+01,1.236071278202396373e+00,-1.205339909300846557e-01,5.817681595092691893e+00
1.370961071055924663e+01,1.378376155460805208e+01,1.214789788851825980e+00,-1.704799029014148759e-01,5.798854578919936387e+00
1.391880827537696774e+01,1.432350374831079343e+01,1.185976415917405324e+00,-2.225115633386690606e-01,5.778856141862602769e+00
1.414474767119790855e+01,1.485422176401632122e+01,1.149289177765239423e+00,-2.756323669236538931e-01,5.757998980645249176e+00
1.439119361097559313e+01,1.537338161972669859e+01,1.104502942518984510e+00,-3.285688720600311585e-01,5.736656916996869526e+00
1.466168500393790808e+01,1.587798395625867798e+01,1.051563677674890007e+00,-3.797440229474653428e-01,5.715254566177137008e+00
1.495933933508749369e+01,1.636454713079822199e+01,9.906675111314733329e-01,-4.272266087461513706e-01,5.694257110319185244e+00
1.528661369030793615e+01,1.682916316433416171e+01,9.223753689043149295e-01,-4.686342216262230354e-01,5.674157398095802662e+00
1.564503034242080481e+01,1.726767066297844622e+01,8.477730407542564128e-01,-5.009710003332913386e-01,5.655452074332032453e+00
1.603489328440464234e+01,1.767599586589226135e+01,7.686742166061070192e-01,-5.204165875623379955e-01,5.638596157334072601e+00
1.645505445021636959e+01,1.805070329339423552e+01,6.878228983726891732e-01,-5.222014359541605755e-01,5.623974948916021788e+00
1.690282723908487483e+01,1.838972567982706963e+01,6.089103134191333755e-01,-5.015759662069431135e-01,5.611689539783659697e+00
1.737447026078239887e+01,1.869280904299668933e+01,5.341037703914210955e-01,-4.787127237050743389e-01,5.603537241174132433e+00
1.786627570633785567e+01,1.896045488887530794e+01,4.632830113171282904e-01,-4.578511655072632358e-01,5.597140670717779543e+00
1.837482520692068988e+01,1.919329493350518590e+01,3.959820701579881419e-01,-4.391330882245282341e-01,5.591338936130094694e+00
1.889703409595282224e+01,1.939204017468209074e+01,3.318230162999942223e-01,-4.218392584067877649e-01,5.585582164562756802e+00
1.943011826951219589e+01,1.955750621070003703e+01,2.705643171272708036e-01,-4.053501245475384374e-01,5.579635160718732223e+00
1.997156544357117980e+01,1.969063299318233362e+01,2.120517498514461752e-01,-3.893854810493415086e-01,5.573418204879256876e+00
2.051911854543764591e+01,1.979247813114669796e+01,1.561627907002085258e-01,-3.739260924842931488e-01,5.566915478604039791e+00
2.107076287023981820e+01,1.986419030604052693e+01,1.027781005117365393e-01,-3.590172958260997027e-01,5.560125499562431628e+00
2.162471075576016943e+01,1.990698001246801141e+01,5.178470748791166173e-02,-3.445931291402283825e-01,5.553040024127717800e+00
2.217938385705641835e+01,1.992210290269592221e+01,3.099719804853433812e-03,-3.303883081062771176e-01,5.545640508847862193e+00
2.273339733480258928e+01,1.991086257795099712e+01,-4.330105299986562045e-02,-3.159461441003504345e-01,5.537903648969821901e+00
2.328555079725960297e+01,1.987463038166094265e+01,-8.736375737073717729e-02,-3.007128714220687615e-01,5.529810902373375470e+00
2.383482835744787209e+01,1.981487177185750781e+01,-1.289596872563574248e-01,-2.842282925987356657e-01,5.521360106196011586e+00
2.438040555279429356e+01,1.973316179689240712e+01,-1.679240810361637137e-01,-2.664136430800508326e-01,5.512578534252803308e+00
2.492165508729600987e+01,1.963116826316663932e+01,-2.041334737500378194e-01,-2.478356303570202201e-01,5.503534911101386484e+00
2.545813971592107805e+01,1.951058824156594085e+01,-2.375974260786418435e-01,-2.297003930652667947e-01,5.494347031138548942e+00
2.598958433962012649e+01,1.937304519552087712e+01,-2.685185042939078337e-01,-2.134846309933054742e-01,5.485188317481384246e+00
2.651583060268682601e+01,1.921997625868914383e+01,-2.972888599905748608e-01,-2.004403774448031694e-01,5.476307008981295965e+00
2.703678792857533608e+01,1.905254265442191652e+01,-3.244314699572906635e-01,-1.912753121993523153e-01,5.468078430639007337e+00
2.755239857681772619e+01,1.887158048065323612e+01,-3.505171525717232783e-01,-1.860666196637341396e-01,5.461122491360921316e+00
