4.500000000000000000e+00,0.000000000000000000e+00,5.235987755982988157e-01,0.000000000000000000e+00,5.000000000000000000e+00
5.006934368029155813e+00,2.972070638964551259e-01,5.431989679086938194e-01,2.513968242133831077e-01,6.752895540923695705e+00
5.579667035617496218e+00,6.601263130352226227e-01,5.862462982025221647e-01,2.459638639081941913e-01,6.808875578678144080e+00
6.138469042167068679e+00,1.048668327717976467e+00,6.288669237632763531e-01,2.448729331654851959e-01,6.804275524547280796e+00
6.680093275381199014e+00,1.460474093772503368e+00,6.712245597857143808e-01,2.431984350922105076e-01,6.804692421571392202e+00
7.203833138718700013e+00,1.894745001418757679e+00,7.132825080757411174e-01,2.415775079808911707e-01,6.803583077842478843e+00
7.708806586978990794e+00,2.350475699439230848e+00,7.550419750646781836e-01,2.399933927763160946e-01,6.801649693315594547e+00
8.194228132326626834e+00,2.826665154789148815e+00,7.965078788969528478e-01,2.384690169031271623e-01,6.799184596944654047e+00
8.659378851698310342e+00,3.322305181652057460e+00,8.376913595320203409e-01,2.370381080693927389e-01,6.796248989472770674e+00
9.103597734131820829e+00,3.836384102876960966e+00,8.786078801654255699e-01,2.357062598444535917e-01,6.793040302557953325e+00
9.526278776924964831e+00,4.367892409019701994e+00,9.192742939844178451e-01,2.344738264518455018e-01,6.789653136641451425e+00
9.926860466399173077e+00,4.915816326078158660e+00,9.597075858993662223e-01,2.333405382256336091e-01,6.786046871486872689e+00
1.030481981857999330e+01,5.479132332563144914e+00,9.999236225644443365e-01,2.322981858563384905e-01,6.782154508997741971e+00
1.065967285051969604e+01,6.056806850591764935e+00,1.039935522016951719e+00,2.313283041639517812e-01,6.777931748199419459e+00
1.099097716589784390e+01,6.647797097640589570e+00,1.079752055226030905e+00,2.304035793849789071e-01,6.773343770089077509e+00
1.129833493426242974e+01,7.251050899627418111e+00,1.119376059175666738e+00,2.294873047336936089e-01,6.768353706517400425e+00
1.158139712594219795e+01,7.865506539243670048e+00,1.158802522031985083e+00,2.285302075612329342e-01,6.762931947192898363e+00
1.183986978436395354e+01,8.490093879837168345e+00,1.198016155339222788e+00,2.274669917580953160e-01,6.757068292726806646e+00
1.207352226229210856e+01,9.123736632115361900e+00,1.236988509367301647e+00,2.262140188842294841e-01,6.750771663263215316e+00
1.228219716071540546e+01,9.765355012669049373e+00,1.275674749011201481e+00,2.246678024289085474e-01,6.744059023948238973e+00
1.246582206209828669e+01,1.041386854403943829e+01,1.314010144738441799e+00,2.227035201818590715e-01,6.736943077801358370e+00
1.262442342604479073e+01,1.106819951147276448e+01,1.351906294918670426e+00,2.201733350605255268e-01,6.729424827198497994e+00
1.275814295494116912e+01,1.172727792717752138e+01,1.389247134041043275e+00,2.169048924249310784e-01,6.721490758284796030e+00
1.286725646901098408e+01,1.239004871507598793e+01,1.425884848583897524e+00,2.127004048645657897e-01,6.713111550812573824e+00
1.295219506248572117e+01,1.305548152691332930e+01,1.461635861738773468e+00,2.073364414151975532e-01,6.704240304260471461e+00
1.301356813444289351e+01,1.372258337194002920e+01,1.496277048932742826e+00,2.005643109429474380e-01,6.694810538091164887e+00
1.305218777743805170e+01,1.439041409531320248e+01,1.529542331455645776e+00,1.921109332428568572e-01,6.684735352775694750e+00
1.306909392555951932e+01,1.505810454610579185e+01,1.561119783604752120e+00,1.816802118088910734e-01,6.673908707686013742e+00
1.306557961679808777e+01,1.572487692427486650e+01,1.590649372757215740e+00,1.689549861389934848e-01,6.662208660051041065e+00
1.304321575876077333e+01,1.639006627690220341e+01,1.617721411822884647e+00,1.535996089247906315e-01,6.649501622264013534e+00
1.300387494627465301e+01,1.705314150395147976e+01,1.641875731659850679e+00,1.352631815740167887e-01,6.635646688994425446e+00
1.294975416701759130e+01,1.771372363642857906e+01,1.662601496028556891e+00,1.135836679301940461e-01,6.620499749127075617e+00
1.288339659045983332e+01,1.837159864098252626e+01,1.679337525489787097e+00,8.819362251197918057e-02,6.603918049424537529e+00
1.280771295686994193e+01,1.902672160414956792e+01,1.691473018341739465e+00,5.872913829349495768e-02,6.585766724697608154e+00
1.272600322645103788e+01,1.967920881781912001e+01,1.698348693101499718e+00,2.484471242755988130e-02,6.565929231568494728e+00
1.264197896781724317e+01,2.032931394482666221e+01,1.699258637339998934e+00,-1.376228173263687946e-02,6.544323333260653186e+00
1.255978632719863519e+01,2.097738400085846067e+01,1.693453508002986663e+00,-5.731350604830499906e-02,6.520923023445739375e+00
1.248402820208156605e+01,2.162379030094882282e+01,1.680146149581367210e+00,-1.058949878841801140e-01,6.495784471659655779e+00
1.241978228764558168e+01,2.226882886435686615e+01,1.658521184736192255e+00,-1.593857554196799198e-01,6.469071143806086610e+00
1.237260868264808167e+01,2.291258436488666206e+01,1.627750847855335747e+00,-2.173738424851410778e-01,6.441070826903407820e+00
1.234853619935123170e+01,2.355475228101285623e+01,1.587020709813938835e+00,-2.790673668806391006e-01,6.412197358735882702e+00
1.235400963899454574e+01,2.419441671168274510e+01,1.535571697045733153e+00,-3.432090823450960060e-01,6.382971413388229820e+00
1.239577035012072059e+01,2.482978899324821853e+01,1.472769808735611363e+00,-4.079975054829130809e-01,6.353986001245832682e+00
1.248062970623677970e+01,2.545792797062140167e+01,1.398222577431666558e+00,-4.710091180509022313e-01,6.325853323538970230e+00
1.261508309231406066e+01,2.607449309548230332e+01,1.311970990345103338e+00,-5.290967867526606971e-01,6.299157414137708244e+00
1.280471027725232247e+01,2.667363137987650035e+01,1.214793017137684839e+00,-5.782210044446921549e-01,6.274403423505399147e+00
1.305333601447566494e+01,2.724816486989578124e+01,1.108645934196430760e+00,-6.131596563752071960e-01,6.251915345833829463e+00
1.336202233629160929e+01,2.779031401327247863e+01,9.972033673757756400e-01,-6.271508490201403996e-01,6.231930267953602609e+00
1.372824604290600270e+01,2.829312958778937315e+01,8.858704523781969487e-01,-6.149888474983965514e-01,6.215450712784775789e+00
1.414628558363360256e+01,2.875183692626508147e+01,7.783295564500982699e-01,-5.967007586367610861e-01,6.202937288987149245e+00
1.460937380485141901e+01,2.916327988040745112e+01,6.751964690985929884e-01,-5.778581137119597200e-01,6.191840912507604600e+00
1.511070012796325557e+01,2.952532085381527693e+01,5.763759573392824853e-01,-5.592428209252729987e-01,6.180921029543151590e+00
1.564369490454136269e+01,2.983671968623441373e+01,4.818178798493885640e-01,-5.398291378572194210e-01,6.169572319319804876e+00
1.620209298617628946e+01,3.009715528642729154e+01,3.917435580390635219e-01,-5.180999274196539384e-01,6.157501969880350146e+00
1.677999300148761463e+01,3.030729147201101981e+01,3.066075465752243767e-01,-4.930940720476627570e-01,6.144597380448351132e+00
1.737197880915165626e+01,3.046876096659399380e+01,2.268519193340081952e-01,-4.655084863519347582e-01,6.130894404817963661e+00
1.797327749051269663e+01,3.058394908711603222e+01,1.525600753989289349e-01,-4.380110946493747659e-01,6.116568315548418511e+00
1.857986501092846510e+01,3.065557368941714245e+01,8.324350360414943528e-02,-4.140337224411738126e-01,6.101908245408624865e+00
1.918844817015970605e+01,3.068621422853213332e+01,1.790328975342913437e-02,-3.961708821968983885e-01,6.087340132986964747e+00
1.979634305678177952e+01,3.067796271703024047e+01,-4.473386618753306260e-02,-3.855234792097938512e-01,6.073665547617297378e+00
