4.500000000000000000e+00,0.000000000000000000e+00,5.235987755982988157e-01,0.000000000000000000e+00,5.000000000000000000e+00
5.012332049227655517e+00,3.004160715795158865e-01,5.433564699510851081e-01,2.500475195246923410e-01,6.878489731305181820e+00
5.594955385122507785e+00,6.699503685378953577e-01,5.869503164370717396e-01,2.450362947503983979e-01,6.921234030570957430e+00
6.162555469969816180e+00,1.065414051285924923e+00,6.300569559436093314e-01,2.434725422014921703e-01,6.915463438972793142e+00
6.712376262465832966e+00,1.484663928545824962e+00,6.728150168468143288e-01,2.414778929020675036e-01,6.914159935708665827e+00
7.243744705579736376e+00,1.926841633912907747e+00,7.152035968723633452e-01,2.395396264267349307e-01,6.912554861785409344e+00
7.755864406888536067e+00,2.390940122744757090e+00,7.572323288433506772e-01,2.376542885345742095e-01,6.910965866575482508e+00
8.247994662898909368e+00,2.875939642261561513e+00,7.989144318983859572e-01,2.358637731400656246e-01,6.909104332540838556e+00
8.719429196857118924e+00,3.380794343609300423e+00,8.402680907037809455e-01,2.341965398793749431e-01,6.906782044754669059e+00
9.169505634552725937e+00,3.904445339538314297e+00,8.813143538174144087e-01,2.326609808302768090e-01,6.904026919488099878e+00
9.597612627182243727e+00,4.445833465779759130e+00,9.220754613871051664e-01,2.312579267625108903e-01,6.900938316870144362e+00
1.000319014551194208e+01,5.003906037578914834e+00,9.625739127591041999e-01,2.299820229498969471e-01,6.897658335753646952e+00
1.038572732690439260e+01,5.577620640289955745e+00,1.002831817528264446e+00,2.288257351315736710e-01,6.894330116402827002e+00
1.074475757770742845e+01,6.165944361168330445e+00,1.042870813733410840e+00,2.277847638410263054e-01,6.891038753650802207e+00
1.107985217788942833e+01,6.767848949922708357e+00,1.082712300804995476e+00,2.268585830228830869e-01,6.887790028538720577e+00
1.139061501081315875e+01,7.382304945516969141e+00,1.122377317169107824e+00,2.260460039347542138e-01,6.884528246089116621e+00
1.167667993322008080e+01,8.008276947408665691e+00,1.161885594571896441e+00,2.253390014552353326e-01,6.881163964894136953e+00
1.193771101760800413e+01,8.644720390101765517e+00,1.201253679336724334e+00,2.247169797751458198e-01,6.877594740488444103e+00
1.217340557774664589e+01,9.290579500055349271e+00,1.240492211414567114e+00,2.241420321181000763e-01,6.873718917889224400e+00
1.238350002673161221e+01,9.944786337828352529e+00,1.279602520005098665e+00,2.235552549566546809e-01,6.869445924248829272e+00
1.256777865211399181e+01,1.060626106792223666e+01,1.318572722662438856e+00,2.228742319618556844e-01,6.864702861141260826e+00
1.272608528040498221e+01,1.127391358145277245e+01,1.357373524009725330e+00,2.219916941954486189e-01,6.859435586684163866e+00
1.285833770712636159e+01,1.194664655285810539e+01,1.395953887354281164e+00,2.207750948418790715e-01,6.853604403879218765e+00
1.296454474316345795e+01,1.262336013259112377e+01,1.434236708926583059e+00,2.190667271667559590e-01,6.847176804684869111e+00
1.304482570417663823e+01,1.330295870302591865e+01,1.472114594731677384e+00,2.166841757531937085e-01,6.840120140837120388e+00
1.309943207493209982e+01,1.398436027687711558e+01,1.509445846785122169e+00,2.134211521265194644e-01,6.832395843886542863e+00
1.312877091030138565e+01,1.466650908337912718e+01,1.546050798963562345e+00,2.090488957497790845e-01,6.823955351881938469e+00
1.313342934100244364e+01,1.534839167093519485e+01,1.581708669732025951e+00,2.033182263042754290e-01,6.814737201436296132e+00
1.311419940198286049e+01,1.602905651960767486e+01,1.616155086418259224e+00,1.959620785077814675e-01,6.804664818626307010e+00
1.307210235220337857e+01,1.670763676020681032e+01,1.649080367290832072e+00,1.866980718017732799e-01,6.793644888220748967e+00
1.300841174821914947e+01,1.738337517013498612e+01,1.680128528970763480e+00,1.752304883917193967e-01,6.781566392530544718e+00
1.292467479257759422e+01,1.805565018100590891e+01,1.708896842108500014e+00,1.612510448165291321e-01,6.768300422459869736e+00
1.282273189365069044e+01,1.872400121837462095e+01,1.734935626454040980e+00,1.444381124757102008e-01,6.753700846319885542e+00
1.270473489501783249e+01,1.938815133306343341e+01,1.757747904826695962e+00,1.244546282836261897e-01,6.737606085721328242e+00
1.257316496076603940e+01,2.004802479343828736e+01,1.776788573405086114e+00,1.009458879269011095e-01,6.719842703706007114e+00
1.243085149899379083e+01,2.070375706582047215e+01,1.791462937480770901e+00,7.353976990317842577e-02,6.700232217274857405e+00
1.228099360922249339e+01,2.135569434191230798e+01,1.801124839136941214e+00,4.185367483982330161e-02,6.678603274127752343e+00
1.212718519333954248e+01,2.200437935908614762e+01,1.805075171549413549e+00,5.514320450150354130e-03,6.654811607633686066e+00
1.197344394716710525e+01,2.265051956949093537e+01,1.802562282082147416e+00,-3.580231810469934606e-02,6.628769282750957004e+00
1.182424288004344604e+01,2.329493266732578860e+01,1.792786461880568449e+00,-8.230486013807314372e-02,6.600481926150472134e+00
1.168454078583319422e+01,2.393846316833869636e+01,1.774911145478098806e+00,-1.339938464900744808e-01,6.570087836184974606e+00
1.155980522125649301e+01,2.458186254635589663e+01,1.748083347711950175e+00,-1.905533943750739589e-01,6.537887297056128588e+00
1.145601792392417373e+01,2.522562526330052535e+01,1.711465276701970240e+00,-2.512513452974787787e-01,6.504348761511895560e+00
1.137964791184714208e+01,2.586977508577416884e+01,1.664278515508501366e+00,-3.148797202342343282e-01,6.470079940202486668e+00
1.133757127443536383e+01,2.651360230285171227e+01,1.605862739254223515e+00,-3.797579279763188542e-01,6.435769365062364855e+00
1.133690896397803449e+01,2.715536444045788755e+01,1.535753849132760029e+00,-4.437921992684953909e-01,6.402109688226653716e+00
1.138474583483938574e+01,2.779198272664856617e+01,1.453793628672680915e+00,-5.045334597397362897e-01,6.369725696618795396e+00
1.148768788198963442e+01,2.841879929124588955e+01,1.360299587240145547e+00,-5.590991032719357934e-01,6.339170541391654368e+00
1.165121237173521784e+01,2.902950880821020618e+01,1.256360098680997295e+00,-6.037187909415461240e-01,6.310989931082628956e+00
1.187876342355086834e+01,2.961644037970892285e+01,1.144383440079563385e+00,-6.325525822387086938e-01,6.285556546943000811e+00
1.217060944597953132e+01,3.017149974303160676e+01,1.028910816635755454e+00,-6.365790883784702148e-01,6.263583168865469730e+00
1.252331932553100913e+01,3.068774093372593015e+01,9.142327401927788921e-01,-6.288267306704017345e-01,6.247818250769663351e+00
1.293125129800044704e+01,3.115968319646415452e+01,8.023343469014233564e-01,-6.154242567559605748e-01,6.234878379208499410e+00
1.338763373069995666e+01,3.158314929667482573e+01,6.943891948476369480e-01,-5.968186741838895637e-01,6.222810863071961407e+00
1.388512580986472322e+01,3.195548626393766867e+01,5.914990245510972633e-01,-5.726721962301436486e-01,6.210595917711110303e+00
1.441624444248302161e+01,3.227568951595459623e+01,4.946083251279541071e-01,-5.439710645889946905e-01,6.197758642895072612e+00
1.497382850444443747e+01,3.254424210843386334e+01,4.041283205504432874e-01,-5.139574682072876044e-01,6.184194239617433198e+00
1.555145678616004012e+01,3.276261544908484780e+01,3.196600075679192909e-01,-4.870020978337805673e-01,6.170046601392549235e+00
1.614366372116269588e+01,3.293260867594262464e+01,2.400740988668063625e-01,-4.665576807438613360e-01,6.155653104348601801e+00
1.674591480543302424e+01,3.305579490240348406e+01,1.638400751454741067e-01,-4.542079985252310270e-01,6.141733249448622090e+00
