4.500000000000000000e+00,0.000000000000000000e+00,5.235987755982988157e-01,0.000000000000000000e+00,5.000000000000000000e+00
4.933171634380794757e+00,2.498734588259033662e-01,5.224646228864572306e-01,-1.814184695028151634e-02,5.001488666239088943e+00
5.366974330275485094e+00,4.989418639721536208e-01,5.197940409426061725e-01,-2.456173410987175579e-02,5.002910333125827336e+00
5.801620275606205190e+00,7.468166058976961619e-01,5.168132261311633169e-01,-2.308812018766653526e-02,5.004270505935810576e+00
6.237069994810704898e+00,9.935474355348811182e-01,5.143400184767449312e-01,-1.643926386485810784e-02,5.005578407463460167e+00
6.673121784333772233e+00,1.239474887500087164e+00,5.129032966450475239e-01,-6.518985585918584194e-03,5.006844244890302775e+00
7.109473032677526838e+00,1.485125591236056586e+00,5.128304781628512110e-01,5.355152001269738830e-03,5.008078242241280620e+00
7.545760576337996461e+00,1.731138446635163364e+00,5.143101831468290808e-01,1.827712783999133062e-02,5.009290523294742670e+00
7.981586432766492933e+00,1.978212709745789999e+00,5.174356648776664569e-01,3.162022081055038819e-02,5.010491388834532600e+00
8.416533972302632449e+00,2.227071188327335971e+00,5.222336442964806702e-01,4.493844973467512466e-02,5.011691750710909332e+00
8.850178337670500994e+00,2.478433420796600561e+00,5.286823235546884714e-01,5.789458769978300667e-02,5.012903584248524780e+00
9.282093883980248705e+00,2.732995061654714064e+00,5.367215830599049164e-01,7.020903055277250004e-02,5.014140301356917462e+00
9.711860623572812656e+00,2.991410793159317016e+00,5.462577182139094489e-01,8.162496586694253931e-02,5.015416961225618309e+00
1.013907107802925367e+01,3.254278972448850560e+00,5.571645554090384200e-01,9.188625797954014240e-02,5.016750240873610878e+00
1.056333850344812575e+01,3.522126940371632653e+00,5.692823901076377036e-01,1.007252481772402675e-01,5.018158093612363757e+00
1.098430710615669881e+01,3.795396489186409372e+00,5.824158907019725273e-01,1.078582811780758044e-01,5.019659035224215415e+00
1.140166455723789163e+01,4.074429428472440051e+00,5.963318846024160402e-01,1.129872313947201390e-01,5.021271018662201158e+00
1.181515681334156120e+01,4.359453510865235693e+00,6.107577622976444465e-01,1.158056448519978465e-01,5.023009890135750055e+00
1.222460494206300474e+01,4.650569184019365920e+00,6.253810787637559265e-01,1.160083723244385856e-01,5.024887462954561457e+00
1.262992333267711942e+01,4.947737722669327098e+00,6.398507833241097176e-01,1.133037879717913032e-01,5.026909299184048052e+00
1.303113836142681237e+01,5.250771268839416805e+00,6.537803615602213458e-01,1.074279048899091926e-01,5.029072349564378541e+00
1.342840629896361904e+01,5.559325183779987078e+00,6.667530298086802309e-01,9.815994081813952943e-02,5.031362663145655389e+00
1.382202902303627035e+01,5.872892922825792894e+00,6.783289984622453694e-01,8.533915402972130915e-02,5.033753430849676747e+00
1.421246595433625615e+01,6.190803432999336664e+00,6.880547360181182848e-01,6.888302589286314503e-02,5.036203660918019409e+00
1.460034057850493383e+01,6.512220907142050486e+00,6.954741433283965213e-01,4.880704306474181048e-02,5.038657788231217793e+00
1.498643995051349975e+01,6.836146680055852798e+00,7.001416017410438952e-01,2.524634330409595770e-02,5.041046486057743081e+00
1.537170568802263482e+01,7.161423192186922471e+00,7.016369926244470090e-01,-1.520730167764190646e-03,5.043288876079365934e+00
1.575721513855213551e+01,7.486740333725649954e+00,6.995829879853603384e-01,-3.104756840090304448e-02,5.045296225691737746e+00
1.614415165734522617e+01,7.810645155206811019e+00,6.936651572018016632e-01,-6.269370602857614327e-02,5.046977090096440577e+00
1.653376329363904418e+01,8.131556898497134256e+00,6.836556813990710690e-01,-9.560016361642949267e-02,5.048243707309456596e+00
1.692730972531345657e+01,8.447790527893141999e+00,6.694416478619023003e-01,-1.286673103237615801e-01,5.049019281299695905e+00
1.732599811325619754e+01,8.757593315476878360e+00,6.510589068016117142e-01,-1.605363273966357307e-01,5.049245568222691105e+00
1.773090978436924559e+01,9.059200333331915544e+00,6.287321574102572308e-01,-1.895740882178157671e-01,5.048889879460194408e+00
1.814292135747247414e+01,9.350915539806429422e+00,6.029210941689457925e-01,-2.138594416472695270e-01,5.047950225857675832e+00
1.856262598601155034e+01,9.631224941260349226e+00,5.743709014693764159e-01,-2.311672617486044412e-01,5.046456947624555767e+00
1.899026235002045482e+01,9.898946354470103515e+00,5.441630810299512566e-01,-2.389468162295239340e-01,5.044469126325745734e+00
1.942565993237043287e+01,1.015341596357237819e+01,5.137598647762827708e-01,-2.342953833047573819e-01,5.042065031966638244e+00
1.986820748467344444e+01,1.039470509841681611e+01,4.850334995263841376e-01,-2.139385232691352334e-01,5.039328859905278790e+00
2.031689562079303357e+01,1.062379697137917489e+01,4.598437618508762204e-01,-1.808067945740433335e-01,5.036732994194688118e+00
2.077050868032392827e+01,1.084242514828903836e+01,4.391778358864000809e-01,-1.445697102297450465e-01,5.034455991935589125e+00
2.122787078770546287e+01,1.105259311213889539e+01,4.230352626039383113e-01,-1.105744354054297995e-01,5.032443792677483430e+00
2.168797296381063333e+01,1.125622774515778346e+01,4.109248963960795420e-01,-8.136966268744323660e-02,5.030640724246104867e+00
2.215000648848537779e+01,1.145501009572805629e+01,4.021626710165681073e-01,-5.776207198870696169e-02,5.029001864664994770e+00
2.261335108187536136e+01,1.165031460118646400e+01,3.960424004530079256e-01,-3.953168009511281306e-02,5.027495599698061923e+00
2.307754606716753187e+01,1.184321272222043930e+01,3.919286528207737708e-01,-2.591237707874749149e-02,5.026101305827914700e+00
2.354225718052925487e+01,1.203451160878245396e+01,3.893007792314284732e-01,-1.591376382117334204e-02,5.024805693513574312e+00
2.400724460778184977e+01,1.222480813476959050e+01,3.877652624301218265e-01,-8.534530241032805067e-03,5.023599656692789850e+00
2.447233487174308308e+01,1.241454515592990226e+01,3.870473731997882694e-01,-2.898651465598877080e-03,5.022476230777010997e+00
2.493739794162710410e+01,1.260406151389095974e+01,3.869700654735575007e-01,1.667295816686086007e-03,5.021429566184574256e+00
2.540233022558859233e+01,1.279363091967123367e+01,3.874264974847078657e-01,5.605242318839348016e-03,5.020454574548685045e+00
2.586704348774269135e+01,1.298348781688776654e+01,3.883516410229886362e-01,9.137902865053114040e-03,5.019546929143947622e+00
2.633145910672606860e+01,1.317384080542294633e+01,3.896975687019714751e-01,1.231413101272546030e-02,5.018703226830991682e+00
2.679550652919309073e+01,1.336487615187973965e+01,3.914157876598166053e-01,1.507539552684210825e-02,5.017921223514472118e+00
2.725912439248692820e+01,1.355675512414394746e+01,3.934482209878640280e-01,1.732693164222047152e-02,5.017200098198149050e+00
2.772226271054942615e+01,1.374960915191958044e+01,3.957263441288981776e-01,1.899650091277811995e-02,5.016540710791028701e+00
2.818488476549308430e+01,1.394353613384638813e+01,3.981762262270079900e-01,2.006973209272900835e-02,5.015945838407054325e+00
2.864696782644922024e+01,1.413859991971244412e+01,4.007264501319247607e-01,2.060066641292880238e-02,5.015420411996718286e+00
2.910850235217169768e+01,1.433483361003259660e+01,4.033161758959556420e-01,2.070352365479860221e-02,5.014971808123798169e+00
2.956948977484362828e+01,1.453224624222728956e+01,4.059015038550271570e-01,2.053387074938275644e-02,5.014610262636578497e+00
3.002993925000791364e+01,1.473083180783682522e+01,4.084591955745768832e-01,2.026536391139981477e-02,5.014349466580219072e+00
