4.500000000000000000e+00,-4.000000000000000000e+00,1.570796326794896558e+00,0.000000000000000000e+00,8.000000000000000000e+00
4.496897096817884965e+00,-3.281824921219964608e+00,1.584021444319516414e+00,1.525547399176614138e-01,6.363746039665063137e+00
4.482012479084932721e+00,-2.691163487831578660e+00,1.608598983764509827e+00,1.778231917120640937e-01,5.453530239985922456e+00
4.455946251048043649e+00,-2.169354589979544556e+00,1.633198579720943400e+00,1.947178088752161140e-01,4.995924054600043185e+00
4.419392880390840439e+00,-1.680630790379530559e+00,1.657875135076417372e+00,2.028142445171619013e-01,4.806102049363805584e+00
4.371942063659982836e+00,-1.204482787739885818e+00,1.682321161303973023e+00,2.003268116140594635e-01,4.764266880254528935e+00
4.313072678858360653e+00,-7.301515259569171246e-01,1.706051900946399691e+00,1.917612296251270387e-01,4.795366419701044158e+00
4.242519557496278182e+00,-2.528656882830489505e-01,1.728853136559190373e+00,1.819118348112148398e-01,4.854288482778328806e+00
4.160308217943323505e+00,2.286485505628915171e-01,1.750764766278589235e+00,1.731715701942558028e-01,4.915547010340415746e+00
4.066698144612358234e+00,7.137776994859670321e-01,1.771905601219602833e+00,1.658558827320356643e-01,4.966198365462440201e+00
3.962130407748669647e+00,1.201035970620695226e+00,1.792344124021045593e+00,1.593459198383235798e-01,5.001021511857513424e+00
3.847192602245485205e+00,1.688681066213747917e+00,1.812061080447865624e+00,1.529262595960296789e-01,5.019289272209646491e+00
3.722588007432489743e+00,2.175063649069827854e+00,1.830971243858081632e+00,1.461232410487351974e-01,5.022659435387402560e+00
3.589100571165182441e+00,2.658802165977874221e+00,1.848961079232402716e+00,1.387219091046480446e-01,5.013846735877199201e+00
3.447557610757673086e+00,3.138847557987582970e+00,1.865917274436917239e+00,1.306675114152265338e-01,4.995828379691825027e+00
3.298796529189040871e+00,3.614483174718402303e+00,1.881740249713742097e+00,1.219711748356587244e-01,4.971403563878225462e+00
3.143640368776453808e+00,4.085290633161548612e+00,1.896346750154941807e+00,1.126579321659368083e-01,4.942979251449204803e+00
2.982883494716679351e+00,4.551101240134846293e+00,1.909667562995902790e+00,1.027516401443564764e-01,4.912494056962278144e+00
2.817285931691143830e+00,5.011944532765507887e+00,1.921644547579655526e+00,9.227889942749503693e-02,4.881421614059642700e+00
2.647573687920546259e+00,5.468000077293469374e+00,1.932228755905510464e+00,8.127732153809127946e-02,4.850815879235182315e+00
2.474442973390753586e+00,5.919554539185818420e+00,1.941378406707993998e+00,6.977766214734640315e-02,4.821356754543287160e+00
2.298566102954454848e+00,6.366966735815721812e+00,1.949058912260708709e+00,5.784695025680447467e-02,4.793454404299837712e+00
2.120608503330140948e+00,6.810606465091693096e+00,1.955253370801501189e+00,4.572023840119959076e-02,4.766584255858721697e+00
1.941233512611708178e+00,7.250831870562330472e+00,1.959930161011697036e+00,3.293262960324371685e-02,4.740764639534316593e+00
1.761060216245374344e+00,7.688126547887194739e+00,1.963051628033035456e+00,1.984309810899377233e-02,4.718394602714462316e+00
1.580653234801209450e+00,8.123022523388920391e+00,1.964787527993583138e+00,9.642343255905648503e-03,4.698212951556802075e+00
1.400468043314431865e+00,8.556068790337443275e+00,1.965141264544261634e+00,-3.616430580334056323e-03,4.682528502795631375e+00
1.221084169909716355e+00,8.987701033586064980e+00,1.963948470923108314e+00,-1.680513189195312687e-02,4.665947181957997181e+00
1.043181589346182880e+00,9.418207747331196700e+00,1.961073676874818261e+00,-3.256466345974195348e-02,4.650393498664276315e+00
8.675352326681143866e-01,9.847743153503252245e+00,1.956652349565452420e+00,-4.362521691415157526e-02,4.630827521406646774e+00
6.947462591337437710e-01,1.027647110560891441e+01,1.950945873792348184e+00,-5.506299763671911041e-02,4.613938924584604528e+00
5.253432673657878471e-01,1.070450653486259540e+01,1.944228701394646652e+00,-6.154347387548324971e-02,4.592852031279160308e+00
3.597422766197618804e-01,1.113181424080122639e+01,1.936631665524080725e+00,-7.088805670130737813e-02,4.572661027807625622e+00
1.984627126256346963e-01,1.155876386478626650e+01,1.926709498152118227e+00,-1.026025070779973819e-01,4.555291464167424031e+00
4.277689296702581745e-02,1.198623559786956072e+01,1.912632867449492791e+00,-1.436598690813287726e-01,4.543578370324319771e+00
-1.057383789015089171e-01,1.241500447252171391e+01,1.895656183123146210e+00,-1.534394416985663256e-01,4.531761389303723853e+00
-2.463860688311016733e-01,1.284526484488344167e+01,1.877647780324047888e+00,-1.621756312268313738e-01,4.521664451998133494e+00
-3.788293817452294543e-01,1.327700897857100415e+01,1.859280045561990447e+00,-1.603723896040146757e-01,4.510499452782739560e+00
-5.030823067291636530e-01,1.370996907222849792e+01,1.841358367468569179e+00,-1.552719548869766486e-01,4.498355364704889503e+00
-6.193650662994841793e-01,1.414382609663574542e+01,1.824060001593145186e+00,-1.504131745869131120e-01,4.485154615780262866e+00
-7.279108288797507820e-01,1.457826552658645092e+01,1.807271861545026059e+00,-1.472888753352994406e-01,4.470838027111921242e+00
-8.288850234571849551e-01,1.501300176478666160e+01,1.790779104361641672e+00,-1.462115393050514855e-01,4.455435552206703953e+00
-9.223671678938909491e-01,1.544778589830262838e+01,1.774369105599676866e+00,-1.468663032496326237e-01,4.439070445860234138e+00
-1.008364675753376849e+00,1.588240447539859623e+01,1.757880177528865273e+00,-1.486989982162751356e-01,4.421930091512813910e+00
-1.086838462001867844e+00,1.631667391323031779e+01,1.741213671642148686e+00,-1.511645686340007955e-01,4.404226213581890370e+00
-1.157727958156636872e+00,1.675043339953625221e+01,1.724325153917614539e+00,-1.538499939723251275e-01,4.386159537354566318e+00
-1.220969637917488138e+00,1.718353798546144873e+01,1.707207341748028018e+00,-1.565027812173825361e-01,4.367897134177572305e+00
-1.276507852264863851e+00,1.761585278382747077e+01,1.689873222153715826e+00,-1.590051123001771094e-01,4.349564312843903657e+00
-1.324299364987312710e+00,1.804724861908108480e+01,1.672343351992149563e+00,-1.613298042465877713e-01,4.331247161818850167e+00
-1.364313531457434836e+00,1.847759625868172151e+01,1.654638043116761548e+00,-1.635020519824706975e-01,4.312944051280436675e+00
-1.396530586717094957e+00,1.890676370513884663e+01,1.636772670729941925e+00,-1.655819339688436309e-01,4.294670306080273114e+00
-1.420939146807340236e+00,1.933461634275271379e+01,1.618757314672644831e+00,-1.676027621001439094e-01,4.276411877982895682e+00
-1.437534328091865765e+00,1.976101453793530283e+01,1.600598480818872016e+00,-1.695968647985793831e-01,4.258125592390478609e+00
-1.446316568619225862e+00,2.018581218672270694e+01,1.582299916149146002e+00,-1.715851140315186596e-01,4.239761382749407836e+00
-1.447291227636549271e+00,2.060885170246932674e+01,1.563864590036346813e+00,-1.735686206640000284e-01,4.221171201567302411e+00
-1.440469518575623997e+00,2.102996171873853726e+01,1.545296597202020727e+00,-1.755359145739618931e-01,4.202255129598760242e+00
-1.425869654429865241e+00,2.144896703716528208e+01,1.526600897410078428e+00,-1.774852380960812437e-01,4.183059008174548232e+00
-1.403517271917685827e+00,2.186569262621820542e+01,1.507784012280207975e+00,-1.793889760333531314e-01,4.163556700553761480e+00
-1.373446048089047133e+00,2.227996925628109537e+01,1.488855627230800893e+00,-1.812105135717679283e-01,4.143899131833886251e+00
-1.335697827797488024e+00,2.269163989072743703e+01,1.469827202153918044e+00,-1.829418515894032926e-01,4.124179146900586623e+00
-1.290322343726886478e+00,2.310055578318930003e+01,1.450709812127677134e+00,-1.845895302051787090e-01,4.104461010841869317e+00
-1.237376252496705797e+00,2.350657610311599299e+01,1.431513383109562776e+00,-1.861602878165408703e-01,4.084823141839904359e+00
-1.176922506309301397e+00,2.390956561205332775e+01,1.412247343677345279e+00,-1.876506572939249384e-01,4.065277132465550558e+00
-1.109030748692095170e+00,2.430939022584060538e+01,1.392921801680271132e+00,-1.890492750825898405e-01,4.045804951030816277e+00
-1.033777814642658166e+00,2.470591636776684297e+01,1.373548103373088081e+00,-1.903427535743643650e-01,4.026396248762813990e+00
-9.512474893059730263e-01,2.509901431710995467e+01,1.354138227168185216e+00,-1.915282666689450131e-01,4.007091603930892809e+00
-8.615307845286799271e-01,2.548855663897263923e+01,1.334704366947079723e+00,-1.926020353285252118e-01,3.987840212161574360e+00
-7.647258483779474370e-01,2.587441847051886867e+01,1.315258608014718833e+00,-1.935675234316003857e-01,3.968680027757912843e+00
-6.609377470756148121e-01,2.625647753215559632e+01,1.295812564480051776e+00,-1.944283579904621528e-01,3.949553005628675617e+00
-5.502795571291054788e-01,2.663460952120199821e+01,1.276377165001710168e+00,-1.951972875364114124e-01,3.930394266177460683e+00
-4.328698002523199140e-01,2.700869618291132213e+01,1.256962492700668177e+00,-1.958735870752104646e-01,3.911307340474478256e+00
-3.088313063458297258e-01,2.737862692541469301e+01,1.237577516533460598e+00,-1.964740230586282110e-01,3.892257729169493974e+00
-1.782926146525820321e-01,2.774429189676485663e+01,1.218229487248837728e+00,-1.970173092240721235e-01,3.873202312594458352e+00
-4.138724480803120109e-02,2.810558264169337406e+01,1.198924420546673586e+00,-1.975106925769055111e-01,3.854118536787428884e+00
1.017503716291765364e-01,2.846240162366099469e+01,1.179667704644653980e+00,-1.979511064907388818e-01,3.835165714617791100e+00
2.509864155125462459e-01,2.881466356178984611e+01,1.160463728402894690e+00,-1.983516836923097104e-01,3.816353558510014121e+00
4.061855276829652306e-01,2.916228742370580562e+01,1.141315354446822639e+00,-1.987286095014990095e-01,3.797674079570982020e+00
5.672140639222200686e-01,2.950520161990445800e+01,1.122223927244511144e+00,-1.990892999851876510e-01,3.779256558576908009e+00
7.339449001573408182e-01,2.984335146466882804e+01,1.103190103234793717e+00,-1.994244144165974730e-01,3.761268111793973024e+00
9.062553173545048191e-01,3.017669220061260305e+01,1.084214113519556877e+00,-1.997433353569078585e-01,3.743694284698008357e+00
1.084027674910582162e+00,3.050518828301442298e+01,1.065295834741259329e+00,-2.000354946248398269e-01,3.726696556984140596e+00
1.267153917536058660e+00,3.082882005908006917e+01,1.046435119476389231e+00,-2.002949455264599887e-01,3.710422407526189570e+00
1.455535621271262903e+00,3.114758123148450153e+01,1.027631329663870607e+00,-2.005226708037189387e-01,3.694991584367769644e+00
1.649085094857189571e+00,3.146147831290154784e+01,1.008883923890216971e+00,-2.007001491794602743e-01,3.680556112666236945e+00
1.847721791768631716e+00,3.177052359499820966e+01,9.901934427455251209e-01,-2.008157415774881049e-01,3.667081679693230623e+00
2.051371470865725577e+00,3.207473368626548194e+01,9.715616854428066329e-01,-2.008485132381460647e-01,3.654689920312185425e+00
2.259968670732650953e+00,3.237413303405610776e+01,9.529906126242390085e-01,-2.008049222450598026e-01,3.643435542541239247e+00
2.473456650792543510e+00,3.266875255060218564e+01,9.344827428219794063e-01,-2.006568015533700122e-01,3.633419711269866514e+00
2.691787064517583872e+00,3.295862886643219269e+01,9.160414254551260127e-01,-2.004056346204966532e-01,3.624684184426187006e+00
2.914919082768169467e+00,3.324380239867064546e+01,8.976702955227870984e-01,-2.000370137063490206e-01,3.617291474854661626e+00
3.142819174433820084e+00,3.352431675520996635e+01,8.793734294694998121e-01,-1.995499688236044289e-01,3.611274089222639372e+00
3.375458543613255813e+00,3.380021501704317188e+01,8.611540442428962105e-01,-1.989628913502312080e-01,3.606607311346971212e+00
3.612811437919611013e+00,3.407153709856684287e+01,8.430144529279658405e-01,-1.982795185438327445e-01,3.603264580857287402e+00
3.854852901862228620e+00,3.433831718782953857e+01,8.249561047613523934e-01,-1.975213655847655181e-01,3.601156631326186908e+00
4.101556138274945695e+00,3.460058093794885536e+01,8.069794950700909242e-01,-1.966983816886420100e-01,3.600183601096974773e+00
4.352890111511428017e+00,3.485834367200241246e+01,7.890846789706528197e-01,-1.958242481416236913e-01,3.600201164381477081e+00
4.608814850968426136e+00,3.511160664038597190e+01,7.712707858605459821e-01,-1.949254308164591887e-01,3.600994062494195180e+00
4.869283983294894647e+00,3.536036060926338109e+01,7.535360013925286315e-01,-1.940110863635433613e-01,3.602508031391603804e+00
5.134242135963938303e+00,3.560458457802311472e+01,7.358785317146325777e-01,-1.930895743883077054e-01,3.604475897418521146e+00
5.403614418861761415e+00,3.584423811828292372e+01,7.182975007584788685e-01,-1.921639009645576546e-01,3.606587674246505504e+00
5.677315050068321156e+00,3.607927179268128981e+01,7.007926589225851322e-01,-1.912341181337351981e-01,3.608845427754291624e+00
5.955258589935993108e+00,3.630963797485215849e+01,6.833637526852083255e-01,-1.903002778540311413e-01,3.611251198478126145e+00
6.237359973208877584e+00,3.653529080483661318e+01,6.660105250112773323e-01,-1.893624320146969908e-01,3.613807002593426798e+00
6.523534539251766518e+00,3.675618614462685230e+01,6.487327156239247605e-01,-1.884206351392742618e-01,3.616514833034775389e+00
6.813698062383840792e+00,3.697228153328887146e+01,6.315300480212031609e-01,-1.874752231271784586e-01,3.619376684483702977e+00
7.107766939999397238e+00,3.718353608952217826e+01,6.144011462971827875e-01,-1.865492592917023518e-01,3.622396520147647347e+00
7.405667549803194305e+00,3.738990720011526037e+01,5.972818665593819798e-01,-1.869515566316501953e-01,3.625693329003444543e+00
7.707644244783933729e+00,3.759123621403200843e+01,5.781003916356831640e-01,-2.296341038950675539e-01,3.633158853238246611e+00
8.017270923344900879e+00,3.778603559916055588e+01,5.388221365843131050e-01,-5.724572629269222279e-01,3.683474014184710210e+00
8.358622725880287874e+00,3.797078364848781007e+01,4.397366158738501007e-01,-9.832845510888346130e-01,4.082480592058484348e+00
8.811195661045465144e+00,3.814166298079191364e+01,2.921899398964002970e-01,-7.866042737401426344e-01,5.601395609246633711e+00
9.448726378138383453e+00,3.828754464368415711e+01,1.699084759293600644e-01,-5.006089349913969144e-01,7.486855380281099315e+00
1.027734936549072309e+01,3.838352539563243937e+01,6.304836783428145741e-02,-4.476482923527754787e-01,9.204343758463878089e+00
1.125699814492041106e+01,3.838931666762391615e+01,-4.959578804488663784e-02,-4.146969207299597282e-01,1.039933366777456669e+01
1.232296641054969122e+01,3.827746388429204671e+01,-1.555660469869858398e-01,-3.385709789785060209e-01,1.104711101441856513e+01
1.341794465727158858e+01,3.805316788376996584e+01,-2.458296275866401481e-01,-2.861881449842837433e-01,1.131477422120376986e+01
1.450435844993543455e+01,3.773286774427817392e+01,-3.267716027846471749e-01,-2.705146197012572862e-01,1.134433235256269867e+01
1.555985954893920997e+01,3.732814275221305422e+01,-4.057191701062707878e-01,-2.741708935314965401e-01,1.127025427048794981e+01
1.657347845292462551e+01,3.684424311594425205e+01,-4.852727863073342807e-01,-2.778451453535288329e-01,1.119970529122771552e+01
1.753999052082190957e+01,3.628429392806597065e+01,-5.649124733371547746e-01,-2.776476393888874239e-01,1.114619664180527536e+01
1.845708965194321038e+01,3.565109244579782910e+01,-6.433033910063348237e-01,-2.707556207959718741e-01,1.114865624634154884e+01
1.932467931155717622e+01,3.494735149939660346e+01,-7.191245023077622589e-01,-2.593207605168609819e-01,1.119915063958770318e+01
2.014290994290721670e+01,3.417628456290848504e+01,-7.916547962515936288e-01,-2.456587681890351482e-01,1.129173539943601412e+01
2.091193681647918723e+01,3.334126157133162138e+01,-8.606643441722975352e-01,-2.313368199014426141e-01,1.141665322029475504e+01
2.163145079259193793e+01,3.244599936115688621e+01,-9.262766739444658892e-01,-2.178974490824467369e-01,1.155870888373608452e+01
2.230035710436630580e+01,3.149479255602950900e+01,-9.890003175569213045e-01,-2.070532631551494362e-01,1.170218937385263658e+01
2.291666850080452633e+01,3.049250940813281474e+01,-1.049563210996025564e+00,-1.990031366476344155e-01,1.183360871871672870e+01
2.347767795528136148e+01,2.944457779993223312e+01,-1.108717509992104056e+00,-1.939379008190852960e-01,1.194288672827373432e+01
2.398012687691837641e+01,2.835692506900388210e+01,-1.167277020117304165e+00,-1.921552811172508313e-01,1.202253549430269786e+01
2.442058129027875069e+01,2.723528159502563284e+01,-1.225967430651863976e+00,-1.926082140654944430e-01,1.208141489896027920e+01
2.479531889140569945e+01,2.608590297418743020e+01,-1.285475247665727405e+00,-1.961509084042994955e-01,1.210065158655795159e+01
2.510031302728049951e+01,2.491570643757275505e+01,-1.346509318599695915e+00,-2.022016017508326824e-01,1.208889503446198432e+01
2.533172095430554904e+01,2.373146350588375242e+01,-1.409522738885443660e+00,-2.095898742257315539e-01,1.204790528044461340e+01
2.548635492174471651e+01,2.253914245728751453e+01,-1.474455051379702786e+00,-2.158530160003005183e-01,1.200245147263701284e+01
2.556203423510149264e+01,2.134419260456462553e+01,-1.540911298964734666e+00,-2.210096222839888214e-01,1.194883455817946682e+01
2.555747817548278533e+01,2.015258573234042316e+01,-1.608564278297646810e+00,-2.255294311779900973e-01,1.188802264858165358e+01
2.547228926548229921e+01,1.897031741970454632e+01,-1.677053296847736741e+00,-2.286538649193983475e-01,1.182328146183744977e+01
2.530705864023433094e+01,1.780308595118991022e+01,-1.745852047462080003e+00,-2.299260773376917977e-01,1.175873502472097698e+01
2.506337300184073413e+01,1.665605746032452572e+01,-1.814380410007082833e+00,-2.292594449372286902e-01,1.169841993688214998e+01
2.474367303802547369e+01,1.553371769974384442e+01,-1.882085159287106180e+00,-2.267159457772035813e-01,1.164574376189114346e+01
2.435105690409092816e+01,1.443980520334709361e+01,-1.948469950417933028e+00,-2.224357221019601372e-01,1.160324041508153314e+01
2.388908281689469604e+01,1.337730727233000749e+01,-2.013113322103007530e+00,-2.166497515795242912e-01,1.157251805380552767e+01
2.336158446817324119e+01,1.234850409161402673e+01,-2.075687176245074816e+00,-2.096786189826876645e-01,1.155432120333252755e+01
2.277250518040998273e+01,1.135505039990718856e+01,-2.135970019887157623e+00,-2.018981766555038859e-01,1.154865434807794955e+01
2.212575919619617792e+01,1.039808310714726858e+01,-2.193849350518914498e+00,-1.936928768936257705e-01,1.155493210938225701e+01
2.142512707351419721e+01,9.478341442195358013e+00,-2.249313513133270881e+00,-1.854178916205667382e-01,1.157213309819987757e+01
2.067418663752602015e+01,8.596287166224776399e+00,-2.302437183206196281e+00,-1.773783524635302589e-01,1.159894308228150805e+01
1.987627539786454278e+01,7.752216002356036029e+00,-2.353365064595375422e+00,-1.698239122991096195e-01,1.163387952723545382e+01
1.903447732055969865e+01,6.946355866224201314e+00,-2.402296966540909295e+00,-1.629529229048392869e-01,1.167539386794081580e+01
1.815162693466184152e+01,6.178951650941670870e+00,-2.449476023375328992e+00,-1.569231074423005079e-01,1.172193825736724193e+01
1.723027251076035782e+01,5.450292234373072198e+00,-2.495169022172227802e+00,-1.517680315758623555e-01,1.177341126135186755e+01
1.627198811238286424e+01,4.760190172634624517e+00,-2.539509709830231277e+00,-1.463672462960396714e-01,1.184673568302701696e+01
1.527954626586629772e+01,4.109532860575785485e+00,-2.582956533129681542e+00,-1.444317339266445732e-01,1.188945866777227067e+01
1.425652276707334565e+01,3.500472871844129141e+00,-2.626230925885773448e+00,-1.442963823792014766e-01,1.192442286397615447e+01
1.320487788064310308e+01,2.934580616911374396e+00,-2.669635326634874684e+00,-1.444185151787185928e-01,1.196210001030624070e+01
1.212593495229341123e+01,2.413213464631151606e+00,-2.713319705083924394e+00,-1.451576449263380642e-01,1.200596145262919734e+01
1.102084325146758204e+01,1.937881384426159537e+00,-2.757533322825110655e+00,-1.467530836915733883e-01,1.205565966123006305e+01
9.890839070983915349e+00,1.510471627155507424e+00,-2.802569115054203586e+00,-1.492562814689007700e-01,1.210906895557527108e+01
8.737414207915973563e+00,1.133315679987193292e+00,-2.848740757406029722e+00,-1.527775469152128640e-01,1.216352604777612356e+01
7.562408710498050191e+00,8.092056975826934506e-01,-2.896401364066786943e+00,-1.574895347129151302e-01,1.221651881575513343e+01
6.368062465638733904e+00,5.414045130411275775e-01,-2.945948097369323282e+00,-1.635212125965423702e-01,1.226602158003088405e+01
5.157061951194696903e+00,3.336370758002582537e-01,-2.997800325706583724e+00,-1.708917187025099371e-01,1.231061662853158367e+01
3.932600371225293934e+00,1.900436488399431800e-01,-3.052366670229691437e+00,-1.795095367966633992e-01,1.234949233177583139e+01
2.698452345934846175e+00,1.150885009168737538e-01,-3.110015869055806625e+00,-1.892031714185898605e-01,1.238237456810145787e+01
1.459055812699617594e+00,1.134284512671085154e-01,-3.171056643062136970e+00,-1.997517636548470643e-01,1.240942723917993362e+01
2.195911066377969068e-01,1.897481267072655131e-01,-3.235725025529716525e+00,-2.109042394357088235e-01,1.243114448401961880e+01
-1.013953702679860402e+00,3.485672670754708102e-01,-3.304176024866448014e+00,-2.223892913130981197e-01,1.244824836693990733e+01
-2.234742953698181989e+00,5.940244732771845504e-01,-3.376477648759089067e+00,-2.339220141565223066e-01,1.246159957008756081e+01
-3.435091212721073095e+00,9.296432762404077677e-01,-3.452606817433555353e+00,-2.452109981382324388e-01,1.247212417279629548e+01
-4.606510199570288400e+00,1.358089844284594117e+00,-3.532447493435736163e+00,-2.559668226164081295e-01,1.248075655852487742e+01
-5.739813655271768233e+00,1.880935687128758582e+00,-3.615791474352657353e+00,-2.659113174130562918e-01,1.248839667132616782e+01
-6.825284515359157034e+00,2.498442099767852032e+00,-3.702342117030413160e+00,-2.747867317336284421e-01,1.249587914224151319e+01
-7.852902752662345165e+00,3.209384954838852444e+00,-3.791721081827263973e+00,-2.823643240551788614e-01,1.250395194993232195e+01
-8.812625338687407606e+00,4.010938238117121912e+00,-3.883478075840039345e+00,-2.884521612084735009e-01,1.251326281316825373e+01
-9.694702779335445442e+00,4.898632053615170179e+00,-3.977103453200078409e+00,-2.929018168174464254e-01,1.252435206257658962e+01
-1.049001068611438114e+01,5.866395569573990443e+00,-4.072043298440161330e+00,-2.956133278116863661e-01,1.253765111348013761e+01
-1.119037106188263309e+01,6.906687854943400318e+00,-4.167716264032716111e+00,-2.965375417548589132e-01,1.255348574832734698e+01
-1.178883744798718070e+01,8.010710714766231533e+00,-4.263531067535348384e+00,-2.956751908598804768e-01,1.257208317001919085e+01
-1.227991878472015941e+01,9.168683918421642431e+00,-4.358904236232521434e+00,-2.930802767432212352e-01,1.259346927652056181e+01
-1.265973120347919334e+01,1.037017175256487000e+01,-4.453274902974638572e+00,-2.888364193240379185e-01,1.261771417317444843e+01
-1.292606930143558941e+01,1.160443619965843709e+01,-4.546116356802449410e+00,-2.830596671873443215e-01,1.264483055160323488e+01
-1.307839031388740025e+01,1.286078056868348263e+01,-4.636947665626016679e+00,-2.759006262467451620e-01,1.267476242568297096e+01
-1.311771881157100061e+01,1.412886482860811377e+01,-4.725345989705802552e+00,-2.675490453463020835e-01,1.270738077637740204e+01
-1.304648156228999767e+01,1.539897333984153960e+01,-4.810960199019413963e+00,-2.582392807944129398e-01,1.274248527340651904e+01
-1.286828564815686882e+01,1.666221938058669849e+01,-4.893525827671289186e+00,-2.482545542664306160e-01,1.277981294950237867e+01
-1.258765613587420340e+01,1.791067538658306191e+01,-4.972879527324399085e+00,-2.379207686707183744e-01,1.281905292256587714e+01
-1.220975435442172241e+01,1.913742386061147016e+01,-5.048968363209380250e+00,-2.275821486441668706e-01,1.285986280151182370e+01
-1.174010316729246206e+01,2.033653268840002681e+01,-5.121848196521148644e+00,-2.175596632012323228e-01,1.290188008522201102e+01
-1.118434785435005097e+01,2.150296953193760530e+01,-5.191667215435053606e+00,-2.081022013867077081e-01,1.294472299052783981e+01
-1.054807740443743569e+01,2.263248016804096707e+01,-5.258634155456100245e+00,-1.993419695731550312e-01,1.298797910099646558e+01
-9.836721931871510449e+00,2.372146215415573423e+01,-5.322973176488613234e+00,-1.912582090149165803e-01,1.303118419583710264e+01
-9.055531552440347909e+00,2.476686766620811042e+01,-5.384866933618165596e+00,-1.836434550716318781e-01,1.307379548423626403e+01
-8.209630820089431680e+00,2.576617423800145090e+01,-5.444386457524295508e+00,-1.760594270657998839e-01,1.311526956037845792e+01
-7.304144597680659601e+00,2.671744663398029118e+01,-5.501417296698662085e+00,-1.678631206676205190e-01,1.315480514102159759e+01
-6.344355188976090965e+00,2.761949566786017485e+01,-5.555631834834750649e+00,-1.584552651069508211e-01,1.319145216320491798e+01
-5.335782680945276191e+00,2.847205422827891041e+01,-5.606612779718436634e+00,-1.479206230004727340e-01,1.322409192316581539e+01
-4.284054441102174593e+00,2.927574525420918761e+01,-5.654163730670714649e+00,-1.374926060253566229e-01,1.325141939085256837e+01
-3.194546309437579890e+00,3.003165615026540536e+01,-5.698614750587476685e+00,-1.290657215606787478e-01,1.327192004293270600e+01
-2.072000496545423953e+00,3.074063398414304515e+01,-5.740833625946805796e+00,-1.239472778352234128e-01,1.328383665244880874e+01
-9.204183555681971773e-01,3.140272828617271372e+01,-5.781825802453902874e+00,-1.216690820424321251e-01,1.328499771013686370e+01
2.572256807365623787e-01,3.201740187923541470e+01,-5.822435725245974858e+00,-1.216690820424321251e-01,1.328499771013686370e+01
