4.500000000000000000e+00,0.000000000000000000e+00,5.235987755982988157e-01,0.000000000000000000e+00,5.000000000000000000e+00
5.003423983855999957e+00,2.951179134331726184e-01,5.430848459884843882e-01,2.521466659291793366e-01,6.671193190221477387e+00
5.569537504778388382e+00,6.535956871760831843e-01,5.857287502863942619e-01,2.463647813611569148e-01,6.731177942563996375e+00
6.122103704966001203e+00,1.037212287312610837e+00,6.279562737332644584e-01,2.456315404313733075e-01,6.723313445994162585e+00
6.657680437720488342e+00,1.443501849950158622e+00,6.699709682882306616e-01,2.442839940635693763e-01,6.722580039703912824e+00
7.175696293030613404e+00,1.871803379630083253e+00,7.117450237804657798e-01,2.430038184805130563e-01,6.721352894709093029e+00
7.675325742753758007e+00,2.321215730543403133e+00,7.532862004401534861e-01,2.417669215431303420e-01,6.719867238222824390e+00
8.155800601819157336e+00,2.790823861431511954e+00,7.946000450761432354e-01,2.405626700482318969e-01,6.718169760809312940e+00
8.616388539223420295e+00,3.279680393195770538e+00,8.356922890768118117e-01,2.394145622153362463e-01,6.715897999319081713e+00
9.056392432397505132e+00,3.786804428240966747e+00,8.765689482759793094e-01,2.383149289097682977e-01,6.713040683289452026e+00
9.475168027162149897e+00,4.311200024700903022e+00,9.172344278585776722e-01,2.372494713879444439e-01,6.709713261906306236e+00
9.872125505500518372e+00,4.851860209552457448e+00,9.576916588537226493e-01,2.362105287019250488e-01,6.705949889570001154e+00
1.024672595204782155e+01,5.407764680028051885e+00,9.979418404251215735e-01,2.351848993426966516e-01,6.701748580104832875e+00
1.059848250256836266e+01,5.977881487826447682e+00,1.037982449070906865e+00,2.341423615844778761e-01,6.697144018873934179e+00
1.092696467957500772e+01,6.561170985712053039e+00,1.077804353047343344e+00,2.330346542040592772e-01,6.692201044822948752e+00
1.123180296080247409e+01,7.156587618178805954e+00,1.117389023747580756e+00,2.317989925227920134e-01,6.686973454184562904e+00
1.151269371255604312e+01,7.763079131865505467e+00,1.156706065663793526e+00,2.303599496982611239e-01,6.681483789121339889e+00
1.176940597828168400e+01,8.379585581570738739e+00,1.195710844609185974e+00,2.286287761138947050e-01,6.675730535091676465e+00
1.200179084637226801e+01,9.005040041393515438e+00,1.234342013411949823e+00,2.265017840520533454e-01,6.669701324133566978e+00
1.220979314395139070e+01,9.638371291422215492e+00,1.272518859993176044e+00,2.238587926073970502e-01,6.663376398977111315e+00
1.239346501248086874e+01,1.027850794550545466e+01,1.310138434841549682e+00,2.205614403818872971e-01,6.656722713694777305e+00
1.255298125521253105e+01,1.092438379269695758e+01,1.347072400823631888e+00,2.164510037790268182e-01,6.649687151262496876e+00
1.268865661494409380e+01,1.157494477192564375e+01,1.383163588809919187e+00,2.113459536455245258e-01,6.642195082243826043e+00
1.280096508067002681e+01,1.222915828360541823e+01,1.418222349576876429e+00,2.050399509082126703e-01,6.634154471992975921e+00
1.289056103935378594e+01,1.288602530931965973e+01,1.452022899020845470e+00,1.973008924838376699e-01,6.625461993833673624e+00
1.295830180643527818e+01,1.354459529861924061e+01,1.484299896845561406e+00,1.878711850761486113e-01,6.616007682352042174e+00
1.300527092318126243e+01,1.420398327120174820e+01,1.514745470564059060e+00,1.764690709652186607e-01,6.605676865320528002e+00
1.303280161302162199e+01,1.486338819426471503e+01,1.543006832173717147e+00,1.627907772404408038e-01,6.594350207339018333e+00
1.304249989068855164e+01,1.552211139136436024e+01,1.568684572011415979e+00,1.465134516650646312e-01,6.581903569471635684e+00
1.303626696717665290e+01,1.617957342842810675e+01,1.591331668378343833e+00,1.272991312615990300e-01,6.568209169579989570e+00
1.301632076415772410e+01,1.683532754781135665e+01,1.610453220898465654e+00,1.048002964290744576e-01,6.553138914687516525e+00
1.298521652345331923e+01,1.748906728835300584e+01,1.625506901588470665e+00,7.866794403385260481e-02,6.536570358817054505e+00
1.294586662756890227e+01,1.814062548187331103e+01,1.635904135748435850e+00,4.856363114995913138e-02,6.518395693159496851e+00
1.290155975627929230e+01,1.878996139398365628e+01,1.641012097440527340e+00,1.417753606884530719e-02,6.498534284761151802e+00
1.285597928326256500e+01,1.943713238823535505e+01,1.640156743749924262e+00,-2.474500973805622214e-02,6.476949124854200157e+00
1.281322024665586845e+01,2.008224612113197338e+01,1.632627312653726959e+00,-6.836626832513019447e-02,6.453666744685778944e+00
1.277780318156278661e+01,2.072538892046776482e+01,1.617682970381020713e+00,-1.167070426980382492e-01,6.428798613416252472e+00
1.275468141063878313e+01,2.136652574665417248e+01,1.594562683842103645e+00,-1.695868008290512818e-01,6.402560156858471352e+00
1.274923575663736663e+01,2.200536725879155497e+01,1.562500142435961026e+00,-2.265560140490501806e-01,6.375282243140104832e+00
1.276724656635229138e+01,2.264120060225685904e+01,1.520747129146316379e+00,-2.868242816960386299e-01,6.347410188054433355e+00
1.281482672799272571e+01,2.327268381625358273e+01,1.468611849995237417e+00,-3.491852623886953499e-01,6.319488546762287662e+00
1.289829042800814562e+01,2.389761113668365411e+01,1.405524134137410508e+00,-4.119342447666168305e-01,6.292128955164980830e+00
1.302392115673597672e+01,2.451267219922841534e+01,1.331147683154382477e+00,-4.727645862864453541e-01,6.265974796514591993e+00
1.319759195476595082e+01,2.511325603093252212e+01,1.245569576668191125e+00,-5.286249690677848889e-01,6.241640763805492931e+00
1.342419093104411942e+01,2.569339823649992027e+01,1.149603656238389116e+00,-5.755088806015786762e-01,6.219657847289007613e+00
1.370683761171572179e+01,2.624603421677937121e+01,1.045226882013355008e+00,-6.081871988541012186e-01,6.200417102615770837e+00
1.404597604561164026e+01,2.676376018551244229e+01,9.360628324102969744e-01,-6.201748895135974493e-01,6.184019573777800538e+00
1.443872944866496333e+01,2.724018362287610628e+01,8.271181500257348551e-01,-6.085295832930051052e-01,6.170927961192472999e+00
1.487940136307016559e+01,2.767101779743840595e+01,7.217894141457424917e-01,-5.903118420416000323e-01,6.160514030724487888e+00
1.536132956400925309e+01,2.805357199222467202e+01,6.208169601431324791e-01,-5.709803332874621162e-01,6.150851998554704103e+00
1.587784189709847205e+01,2.838620900373715727e+01,5.241605026232327713e-01,-5.520251004279566054e-01,6.141037268428996221e+00
1.642257686406912498e+01,2.866813243137767842e+01,4.316620275822278807e-01,-5.331853642003760996e-01,6.130643299581127970e+00
1.698956504131779610e+01,2.889931058707012212e+01,3.433177568448923522e-01,-5.133484259028200380e-01,6.119464833079407917e+00
1.757325633756097716e+01,2.908049066567295071e+01,2.593645749492738961e-01,-4.912146943850119740e-01,6.107410729425398976e+00
1.816857257829479977e+01,2.921322907925074475e+01,1.802101740012592990e-01,-4.661303682403687976e-01,6.094477901310496826e+00
1.877100247139546596e+01,2.929983450585234195e+01,1.062044160360137574e-01,-4.390072876526595058e-01,6.080765647768603621e+00
1.937669909153607506e+01,2.934313635693950673e+01,3.734529023248168295e-02,-4.124438873703638597e-01,6.066484038618797037e+00
1.998250909217564342e+01,2.934609899176073711e+01,-2.688309613426032377e-02,-3.895646815134278240e-01,6.051943814324748594e+00
2.058589814175011412e+01,2.931142149943426389e+01,-8.743858810638577284e-02,-3.726517163605529426e-01,6.037597438844803044e+00
2.118481170505210187e+01,2.924125858359225916e+01,-1.455095156781183729e-01,-3.626229083749636928e-01,6.024284563747527521e+00
