6.500000000000000000e+00,-4.000000000000000000e+00,1.427996660722633093e+00,0.000000000000000000e+00,1.500000000000000000e+01
6.719596345907851820e+00,-2.600462417388241576e+00,1.388977018847370681e+00,-2.228934854302127289e-01,1.333512024850838706e+01
7.000440249237025014e+00,-1.356152613995035727e+00,1.304508492049844870e+00,-2.956725668654873740e-01,1.218466179651395542e+01
7.369273154890684907e+00,-2.126825952751524307e-01,1.213075872898053076e+00,-2.951064809492042196e-01,1.185337048896789724e+01
7.833083006345870736e+00,8.820738760285590230e-01,1.129194717790540148e+00,-2.548067077927156365e-01,1.193268137432929166e+01
8.387262635881388206e+00,1.951009501491967058e+00,1.058311403921468274e+00,-2.076955010486757347e-01,1.215337994803494936e+01
9.020740983929421475e+00,3.001725672786689447e+00,1.000419171044269140e+00,-1.654274212786773501e-01,1.238817699262656191e+01
9.719698938585491277e+00,4.035881392157039116e+00,9.545405034998868388e-01,-1.265625663093624120e-01,1.257815116006302603e+01
1.046837141435655028e+01,5.053874121541654496e+00,9.210454176706774909e-01,-8.472484931993626289e-02,1.269609924627854625e+01
1.124849065735797637e+01,6.057892539910694651e+00,9.021205612103317950e-01,-3.420630015669751112e-02,1.273370877521900724e+01
1.203892279510642815e+01,7.053829039422929270e+00,9.010039013829811427e-01,2.721304008146569267e-02,1.269598646924288943e+01
1.281596174417519229e+01,8.051386694031126723e+00,9.207902603855689927e-01,9.784717245138430108e-02,1.259404359908915438e+01
1.355433259813389668e+01,9.062518985720162235e+00,9.632689374605881705e-01,1.719266267881235932e-01,1.244845503421040078e+01
1.422947579765254389e+01,1.009954095958202913e+01,1.027703899515977959e+00,2.386798245396825613e-01,1.230443222595575392e+01
1.481889844795281519e+01,1.117116164176545290e+01,1.111207358721119087e+00,2.943451377832184135e-01,1.216317768739040872e+01
1.530329155463731894e+01,1.228012279583604460e+01,1.208648910608245641e+00,3.285998848101095438e-01,1.204914075531951312e+01
1.566794982835473071e+01,1.341709588103125128e+01,1.313097564122353234e+00,3.443297399818556204e-01,1.184211522316815390e+01
1.590833042308517875e+01,1.456888785394535191e+01,1.416181785838452223e+00,3.294941696529051778e-01,1.170047778919247961e+01
1.603201187856563692e+01,1.572689548149632088e+01,1.511024053293957170e+00,3.000198909659401725e-01,1.160013172818772276e+01
1.605067845369143598e+01,1.688412303255687164e+01,1.597186706271185308e+00,2.786222670642374277e-01,1.155459252833101047e+01
1.597302623889636486e+01,1.803741342999254371e+01,1.678360999600990056e+00,2.689257128569144673e-01,1.156978875596227496e+01
1.580264761008976215e+01,1.918501573989157905e+01,1.757853003620332588e+00,2.659409715878641167e-01,1.163994154497176936e+01
1.554076773081660434e+01,2.032434435228125835e+01,1.834663437843903733e+00,2.479587968002228138e-01,1.174657512348446531e+01
1.519233562525446857e+01,2.145228720970034431e+01,1.904536285448666266e+00,2.169050342958567246e-01,1.186890529472709588e+01
1.476667880879180217e+01,2.256648528485042604e+01,1.965223703254715737e+00,1.846159953333598169e-01,1.198949298472101432e+01
1.427429453180269547e+01,2.366535345251115885e+01,2.017611987460935730e+00,1.599673263834111847e-01,1.209606519196479013e+01
1.372401020635315128e+01,2.474713756234467965e+01,2.064394241234682514e+00,1.459682133883105914e-01,1.218016531204776953e+01
1.312304836143732700e+01,2.580714683675550702e+01,2.108474559525613135e+00,1.414180953319957856e-01,1.219207501816466888e+01
1.247415404834443997e+01,2.684337200718395877e+01,2.152086429302599413e+00,1.420100662605575659e-01,1.226248190339996569e+01
1.177569777309837917e+01,2.785690171294222495e+01,2.196401423504890538e+00,1.440173435577119521e-01,1.235727930346751791e+01
1.102719374697136878e+01,2.884559906723748313e+01,2.241118991137037053e+00,1.424682990975598695e-01,1.244624475477504788e+01
1.023037659095234098e+01,2.980660760984524060e+01,2.284554005882978078e+00,1.340853711043716312e-01,1.252333712809687327e+01
9.389015795943494780e+00,3.073910619929859322e+01,2.324299041570907942e+00,1.177301144943790900e-01,1.259756513677532297e+01
8.508090313697369567e+00,3.164572787096454931e+01,2.358176024870053844e+00,9.585251844281861278e-02,1.268599073621161111e+01
7.592219386678499937e+00,3.253256987477331563e+01,2.385217674681801459e+00,7.345642975683387699e-02,1.281230289605194272e+01
6.644473073660563500e+00,3.340775733833021377e+01,2.405632972413711546e+00,5.301845631691751159e-02,1.298873632944405188e+01
5.665940876702788565e+00,3.428059041661157380e+01,2.419716842936254775e+00,3.291512625405603604e-02,1.323637651106018964e+01
4.655467339582714636e+00,3.516232706220137061e+01,2.427429073011954763e+00,1.316664181278756098e-02,1.358544519200901490e+01
3.610691508114458603e+00,3.606583369597355215e+01,2.428609989770710964e+00,-6.220955482989263402e-03,1.403976875823911641e+01
2.529580147531397039e+00,3.700497930308941363e+01,2.422955646979755961e+00,-2.523828474813954309e-02,1.460147318389543614e+01
1.411070350407676033e+00,3.799497710128599692e+01,2.410020292786686724e+00,-4.387117006854385909e-02,1.527287094136214840e+01
2.557673596279428363e-01,3.905279010356679947e+01,2.389220879845237011e+00,-6.209836153989066465e-02,1.605623394593280295e+01
-9.331719972242533689e-01,4.019749535701578225e+01,2.359844020930432773e+00,-7.988764866894980388e-02,1.695360159939497180e+01
-2.148917260315224009e+00,4.145054568476052026e+01,2.321057456753356174e+00,-9.719018761309536347e-02,1.796661729336452851e+01
-3.379553681013583333e+00,4.283582611663683792e+01,2.271928721048839694e+00,-1.139327204135975602e-01,1.909635105641861230e+01
-4.606351907432397752e+00,4.437934589312717293e+01,2.211454690661490030e+00,-1.300073377139407127e-01,2.034308511412152853e+01
-5.801738624374346287e+00,4.610833974997978402e+01,2.138607001616172898e+00,-1.452585892250140842e-01,2.170605031959762954e+01
-6.927093204221295153e+00,4.804948603440643495e+01,2.052399687907852766e+00,-1.594681807625883130e-01,2.318311073005055789e+01
-7.930674641695549809e+00,5.022591511449775226e+01,1.951986411242581987e+00,-1.723383591489799083e-01,2.477040549481412057e+01
-8.746247440775340110e+00,5.265273991000864839e+01,1.836794457098382294e+00,-1.834764881720110374e-01,2.646197386389314232e+01
-9.293294483753244961e+00,5.533108428165046178e+01,1.706699997990217765e+00,-1.923851284144309226e-01,2.824941038566901597e+01
-9.479964020863343777e+00,5.824111753419715853e+01,1.562242646204452523e+00,-1.984632889065490458e-01,3.012161880231598587e+01
-9.209860388957295640e+00,6.133546139486458060e+01,1.404867172186306190e+00,-2.010229215508246570e-01,3.206473891505432050e+01
-8.393135883117233575e+00,6.453535411195055360e+01,1.237171243515074792e+00,-1.993157519595719906e-01,3.406225056013262531e+01
-6.960883800244903163e+00,6.773264680763212198e+01,1.063140885525835744e+00,-1.925506796935630149e-01,3.609485935489878727e+01
-4.879877998033686382e+00,7.080033513968048453e+01,8.883647368210494388e-01,-1.799064326862734042e-01,3.813809175336401580e+01
-2.163297428565219338e+00,7.361222170672240850e+01,7.201228575256616304e-01,-1.607592236175902911e-01,4.015015649759703109e+01
1.126331419085814689e+00,7.606789056708292662e+01,5.667385671776606904e-01,-1.358462040974592056e-01,4.203269269067333624e+01
4.882537364868612784e+00,7.811187301997725285e+01,4.346423284611984905e-01,-1.099912963366050656e-01,4.355603111617148926e+01
8.967516780509971142e+00,7.972894682052471182e+01,3.221745921275576685e-01,-9.402866494845532608e-02,4.435835768411300961e+01
1.324083600034734509e+01,8.091108639374752443e+01,2.175922637828610895e-01,-9.402866494845532608e-02,4.435835768411300961e+01
