4.500000000000000000e+00,0.000000000000000000e+00,5.235987755982988157e-01,0.000000000000000000e+00,5.000000000000000000e+00
4.969933214145232370e+00,2.750022028615032310e-01,5.410174996795400482e-01,2.465470637876290283e-01,5.889838613049746208e+00
5.474902716860718499e+00,5.913529734698383944e-01,5.781970462982779502e-01,2.426029349320845685e-01,6.028431614942552308e+00
5.973321084767234446e+00,9.300539596602626080e-01,6.155731566718667391e-01,2.437392312111432702e-01,6.024476832971873641e+00
6.458233005383617886e+00,1.286843507345457827e+00,6.531565874216087586e-01,2.456484469448496633e-01,6.016802460739975267e+00
6.929112244167014545e+00,1.661454141131439632e+00,6.909038462121741553e-01,2.460335545231026044e-01,6.018202779639087119e+00
7.385667068357433251e+00,2.053715499288543800e+00,7.286897160776181215e-01,2.459676554248337865e-01,6.020973136170563400e+00
7.827186206931999735e+00,2.463042776865495664e+00,7.664689613355588627e-01,2.458356113551481981e-01,6.021137759046268023e+00
8.252870016751236548e+00,2.888679323411694533e+00,8.042086661253128321e-01,2.455481530565597481e-01,6.019064714255869752e+00
8.662043590492277900e+00,3.329880037169113738e+00,8.418602428958101846e-01,2.449235966910564555e-01,6.016280920917526309e+00
9.054175783957003176e+00,3.785936970088638720e+00,8.793534253991339700e-01,2.437772978422308445e-01,6.013647824170210932e+00
9.428831916103186828e+00,4.256125823026581045e+00,9.165916639316673553e-01,2.419308200585020829e-01,6.011102406291390032e+00
9.785645848118333490e+00,4.739650571466390794e+00,9.534482180337932045e-01,2.392026495632670335e-01,6.008102981409439103e+00
1.012433127609731898e+01,5.235620419336750153e+00,9.897635564744481362e-01,2.353946080633067539e-01,6.004116668074192198e+00
1.044471851548297181e+01,5.743058872073425469e+00,1.025344093020877922e+00,2.302898961136770062e-01,5.998879013981052388e+00
1.074679713260064773e+01,6.260930223206308654e+00,1.059962800522708859e+00,2.236649661977160308e-01,5.992419961725649280e+00
1.103075136658582345e+01,6.788168749774222910e+00,1.093361751246168856e+00,2.153036139719618491e-01,5.984955527712151557e+00
1.129698399268006170e+01,7.323701902174490463e+00,1.125255487546987121e+00,2.050024603580971050e-01,5.976748204954994925e+00
1.154613039388127405e+01,7.866464962085555790e+00,1.155333722829354759e+00,1.925663712019492491e-01,5.968000614926775249e+00
1.177906706544465898e+01,8.415408588114823729e+00,1.183262529833098320e+00,1.777995527660893860e-01,5.958804744177780499e+00
1.199691839500374613e+01,8.969502081206330857e+00,1.208684198377945274e+00,1.604989877662690301e-01,5.949140421353077635e+00
1.220106380759012410e+01,9.527734754891271862e+00,1.231216601164895064e+00,1.404538142370339582e-01,5.938904327232713776e+00
1.239314552310828965e+01,1.008911640886949890e+01,1.250452976333579880e+00,1.174509887524587959e-01,5.927950496431425798e+00
1.257507594135448237e+01,1.065267637091264596e+01,1.265962741446346795e+00,9.128613019374740012e-02,5.916128959284393751e+00
1.274904315663910559e+01,1.121745939449689011e+01,1.277293618123058749e+00,6.177864726138760504e-02,5.903316062519249563e+00
1.291751306873202232e+01,1.178251607134463619e+01,1.283975152241164652e+00,2.879094430999243684e-02,5.889435341807772950e+00
1.308322667372323522e+01,1.234688530213450797e+01,1.285523668284561438e+00,-7.748308935866613997e-03,5.874470652024665007e+00
1.324919114601511971e+01,1.290956662091697105e+01,1.281448722798276485e+00,-4.781745238572110424e-02,5.858473824707636446e+00
1.341866314156897033e+01,1.346948065518691884e+01,1.271261174445606823e+00,-9.127327162181525511e-02,5.841568256642907464e+00
1.359512231606229626e+01,1.402541668149799925e+01,1.254483113691047258e+00,-1.378228699448647010e-01,5.823948573479222013e+00
1.378223231529864101e+01,1.457596719699518495e+01,1.230660241419819778e+00,-1.869977408637615857e-01,5.805875766553868722e+00
1.398378538213508193e+01,1.511945091290882281e+01,1.199378065308023267e+00,-2.381296524517750868e-01,5.787667468909018176e+00
1.420362516472395242e+01,1.565382799613734655e+01,1.160284711632498578e+00,-2.903243970929048068e-01,5.769684212802398626e+00
1.444554037522780554e+01,1.617661533941452845e+01,1.113125379534344761e+00,-3.424254723456870986e-01,5.752313874150186912e+00
1.471312007695559743e+01,1.668481592738211461e+01,1.057796490977387593e+00,-3.929565764767040115e-01,5.735956889139072423e+00
1.500956071597328467e+01,1.717488586485163893e+01,9.944310312245683292e-01,-4.400304122387043715e-01,5.721012879333508216e+00
1.533741786592611511e+01,1.764277579306894950e+01,9.235289514749563944e-01,-4.812136097248475575e-01,5.707864162642283468e+00
1.569830608910695702e+01,1.808409873720576044e+01,8.461431404760481056e-01,-5.133530818135155771e-01,5.696845272417902173e+00
1.609257530600709885e+01,1.849448725690247031e+01,7.641099313551593664e-01,-5.324294328699551437e-01,5.688208679126453227e+00
1.651903271043398291e+01,1.887018050555723292e+01,6.802417645745481023e-01,-5.337778463813990237e-01,5.681940597293485773e+00
1.697494010936571129e+01,1.920873327822453902e+01,5.977052912612558222e-01,-5.191879544112930622e-01,5.678563989855830663e+00
1.745650391141537483e+01,1.950917003524778792e+01,5.185178879954428499e-01,-4.985602139990196191e-01,5.676335264113160584e+00
1.795960338270150558e+01,1.977146788173464387e+01,4.433578940290079928e-01,-4.757317857628444724e-01,5.673745292588757927e+00
1.848024549035460140e+01,1.999621545180361437e+01,3.723374615586326764e-01,-4.528771092774579454e-01,5.670237751299723961e+00
1.901478020534614188e+01,2.018439028462985618e+01,3.052573212104562894e-01,-4.313658765048948851e-01,5.665679993452251928e+00
1.955997103493869105e+01,2.033717388356320654e+01,2.417545030249677873e-01,-4.119039473105783333e-01,5.660106902465463996e+00
2.011298607565166208e+01,2.045582258800394726e+01,1.814171787627041066e-01,-3.946048064959122303e-01,5.653605533100146907e+00
2.067135154959722243e+01,2.054160073196984015e+01,1.238716818479501935e-01,-3.791249908953446823e-01,5.646270122944540226e+00
2.123289696080396993e+01,2.059576671897793076e+01,6.883776202289611235e-02,-3.648434561106982388e-01,5.638189018657246088e+00
2.179570927592913421e+01,2.061959409268535026e+01,1.615412677236353206e-02,-3.510212462799110478e-01,5.629443451551833455e+00
2.235810356755244754e+01,2.061440967740306718e+01,-3.421720464182530230e-02,-3.369036911864735639e-01,5.620109579704654301e+00
2.291861090231278553e+01,2.058163545199937872e+01,-8.219972666322712673e-02,-3.217907739007157542e-01,5.610261976989495913e+00
2.347598060702882705e+01,2.052282386487653554e+01,-1.276255806878311139e-01,-3.051583452100680161e-01,5.599980015092657304e+00
2.402919107235809193e+01,2.043967365424633797e+01,-1.702852815030435341e-01,-2.868987035503938188e-01,5.589358558384231124e+00
2.457745886671401792e+01,2.033400797474386934e+01,-2.100131688201833380e-01,-2.675912739164914012e-01,5.578520754991184383e+00
2.512023233598345939e+01,2.020770070327640155e+01,-2.467892501414372386e-01,-2.485254323990619962e-01,5.567627865758328021e+00
2.565715969046181755e+01,2.006255837820580723e+01,-2.808087183169040713e-01,-2.313217154716530888e-01,5.556887729634886419e+00
2.618803463846236212e+01,1.990019051812443607e+01,-3.124814040606453402e-01,-2.173836245792872268e-01,5.546576576251140089e+00
2.671273591671661407e+01,1.972190608356313035e+01,-3.423679765752010717e-01,-2.075308834740179631e-01,5.537098468230715831e+00
2.723118200849098258e+01,1.952865576090058042e+01,-3.710882574829632574e-01,-2.018992512297964337e-01,5.529121867241152621e+00
