4.500000000000000000e+00,0.000000000000000000e+00,5.235987755982988157e-01,0.000000000000000000e+00,5.000000000000000000e+00
5.009121379765107740e+00,2.980077726685063100e-01,5.411054646994170048e-01,2.239532333056764024e-01,6.798691127554165270e+00
5.580694290131069657e+00,6.567944151391197360e-01,5.802292091144128916e-01,2.317717570193074672e-01,6.699183414790369717e+00
6.130996947558118748e+00,1.033431662676802532e+00,6.204434118674081455e-01,2.416029624862185976e-01,6.638710947671241591e+00
6.662196423515938548e+00,1.429777993308811279e+00,6.617653812922782430e-01,2.471736901259060093e-01,6.617620466223587350e+00
7.175433484098276082e+00,1.847139417473344647e+00,7.038062293761074839e-01,2.506637624249384300e-01,6.613665146172110987e+00
7.670504396740058795e+00,2.285807889812044635e+00,7.464149810542296537e-01,2.536604447892757963e-01,6.616473741189351720e+00
8.146553356728857054e+00,2.745536655090462297e+00,7.896015877214560552e-01,2.569602300709387666e-01,6.620462880372554260e+00
8.602383568417904414e+00,3.225774018288078082e+00,8.334460555909793955e-01,2.608502623876361448e-01,6.623091698803475147e+00
9.036642176238627755e+00,3.725803675262288728e+00,8.780457990365929666e-01,2.653605925691919221e-01,6.623536679643463820e+00
9.447921623154996951e+00,4.244819132979890774e+00,9.234894015631046615e-01,2.703875218152200222e-01,6.621889771636712219e+00
9.834813514991321171e+00,4.781956963583787967e+00,9.698425048958888572e-01,2.757539700894399703e-01,6.618666928795339466e+00
1.019593706399109934e+01,5.336303286867765117e+00,1.017139795596192275e+00,2.812467205085137922e-01,6.614498542298105299e+00
1.052995624118110030e+01,5.906883963927827885e+00,1.065380772617635419e+00,2.866394832761413602e-01,6.609962187428529923e+00
1.083559488760534784e+01,6.492647530624824803e+00,1.114527737539500185e+00,2.917045032114555236e-01,6.605510820507375591e+00
1.111165485980641598e+01,7.092447503655594510e+00,1.164504700053370367e+00,2.962156180512341419e-01,6.601455079201218545e+00
1.135703948826662391e+01,7.705028471648303068e+00,1.215196267461028157e+00,2.999460733494023201e-01,6.597974000617020884e+00
1.157078294391408058e+01,8.329018831485651475e+00,1.266446077780670532e+00,3.026644456910769221e-01,6.595137380268719873e+00
1.175208498227117460e+01,8.962931921412765846e+00,1.318054807740618006e+00,3.041313024105261609e-01,6.592928968431531978e+00
1.190034975165724873e+01,9.605176582216939707e+00,1.369778121630005119e+00,3.040980182217382644e-01,6.591266396538521199e+00
1.201522678764193763e+01,1.025407779419478338e+01,1.421325103317673255e+00,3.023082578547923727e-01,6.590018623325030411e+00
1.209665182561722929e+01,1.090790771323253949e+01,1.472357784794391389e+00,2.985023244548383192e-01,6.589022756452606266e+00
1.214488460718735219e+01,1.156492684365453094e+01,1.522492394096030432e+00,2.924245458808514830e-01,6.588100679898793111e+00
1.216054055253771082e+01,1.222343412182283373e+01,1.571302885833439245e+00,2.838337137952743894e-01,6.587074409992429658e+00
1.214461320538202038e+01,1.288182346740520678e+01,1.618327156641421682e+00,2.725161994819606526e-01,6.585778679914485956e+00
1.209848486064273310e+01,1.353864314334567887e+01,1.663076079436400789e+00,2.583009270796969292e-01,6.584069712187607060e+00
1.202392376248846517e+01,1.419265332154414061e+01,1.705045161774069618e+00,2.410751380335294791e-01,6.581829877965218678e+00
1.192306757080668156e+01,1.484287679890108436e+01,1.743728336578707738e+00,2.207999723171639728e-01,6.578968607082974707e+00
1.179839417293912440e+01,1.548863797287277322e+01,1.778633228116187404e+00,1.975252905628248068e-01,6.575420428711406196e+00
1.165268203856413542e+01,1.612958596357116647e+01,1.809297266526761039e+00,1.714036752536217123e-01,6.571141382957409682e+00
1.148896288480390737e+01,1.676569902488408914e+01,1.835304248499642465e+00,1.427039109875739564e-01,6.566105198750839200e+00
1.131046926407985964e+01,1.739726889772518703e+01,1.856301291296787115e+00,1.118242450256852205e-01,6.560300516387237657e+00
1.112057880708410451e+01,1.802486529831088546e+01,1.872016497945151237e+00,7.930534967086329268e-02,6.553730029824834880e+00
1.092275540306444803e+01,1.864928215308481541e+01,1.882277945753866755e+00,4.584236271247223160e-02,6.546411804729838302e+00
1.072048583604733274e+01,1.927146845244573470e+01,1.887034769616009022e+00,1.229505767068455463e-02,6.538382330074260729e+00
1.051720861148325881e+01,1.989244775346780969e+01,1.886381124096081052e+00,-2.030448087635329871e-02,6.529700227831271242e+00
1.031623018579038487e+01,2.051323149693531533e+01,1.880583702810153968e+00,-5.074600219391160044e-02,6.520449054993359361e+00
1.012062279837634904e+01,2.113473242485965287e+01,1.870113324904324248e+00,-7.763409833840294316e-02,6.510737275389963052e+00
9.933097800391948340e+00,2.175768534162261858e+01,1.855680891513349584e+00,-9.937477021974359948e-02,6.500693316123066445e+00
9.755848956505268177e+00,2.238258292134142735e+01,1.838277570137819561e+00,-1.141508995726846915e-01,6.490454287332631189e+00
9.590363626536714037e+00,2.300962826328192889e+01,1.819216791352915141e+00,-1.199035821924173545e-01,6.480035128819307211e+00
9.437268045381051351e+00,2.363864699803983171e+01,1.799943087888205007e+00,-1.171496222136591409e-01,6.467795575862743895e+00
9.296407059651745186e+00,2.426928728535984447e+01,1.781273032365637166e+00,-1.129681118893117314e-01,6.455998272322379883e+00
9.167373199341810164e+00,2.490128098737223539e+01,1.763194991451863203e+00,-1.103084769286482442e-01,6.444809581327771930e+00
9.049885637733424915e+00,2.553442123100411010e+01,1.745343394741397436e+00,-1.105629656596950755e-01,6.434334918941146064e+00
8.943949064339612676e+00,2.616856957179212273e+01,1.727198766076286418e+00,-1.142550323827474373e-01,6.424561099709648282e+00
8.849917092978730082e+00,2.680363130007594208e+01,1.708198470923909973e+00,-1.214144091207768755e-01,6.415342488465708648e+00
8.768502310652992904e+00,2.743951776901281647e+01,1.687791674189980551e+00,-1.318747205561495439e-01,6.406423883397217800e+00
8.700763477763556963e+00,2.807610593595774517e+01,1.665450787680245792e+00,-1.455076735050841175e-01,6.397483221615827276e+00
8.648093965427245067e+00,2.871319925394531936e+01,1.640648995867381110e+00,-1.624029937557385506e-01,6.388179469633818996e+00
8.612230095464129320e+00,2.935049189503744316e+01,1.612811247403474368e+00,-1.830011385798134826e-01,6.378252219463869110e+00
8.595293183304935525e+00,2.998753057419435919e+01,1.581249579355916923e+00,-2.081194130047038793e-01,6.367552719954900908e+00
8.599861863347875612e+00,3.062366394601652431e+01,1.545134519772832338e+00,-2.384280801297285479e-01,6.356134476402779399e+00
8.629004373338535316e+00,3.125797104054730724e+01,1.503673411509822033e+00,-2.724471026489433956e-01,6.344299419531607143e+00
8.686077283864715781e+00,3.188913557320308811e+01,1.456633675864354549e+00,-3.046872644676174580e-01,6.331663051104046147e+00
8.774103140096965348e+00,3.251538127310838178e+01,1.405042553391993465e+00,-3.260783092288849772e-01,6.317778842901526914e+00
8.894828888421116631e+00,3.313465628064317769e+01,1.351379201669771879e+00,-3.297133605389602207e-01,6.302392078970822098e+00
9.048138994531731427e+00,3.374507293337882885e+01,1.298354857986405486e+00,-3.202952489939442926e-01,6.286576127819802906e+00
9.232549803488115714e+00,3.434519730366250201e+01,1.247326235800827465e+00,-3.083033469778823643e-01,6.271164887549032230e+00
9.446226773834066393e+00,3.493393549265681486e+01,1.198201716655477034e+00,-2.996543954028813572e-01,6.256395122564404332e+00
