4.500000000000000000e+00,0.000000000000000000e+00,5.235987755982988157e-01,0.000000000000000000e+00,5.000000000000000000e+00
5.006876000866515852e+00,2.967072066069870728e-01,5.411773190739398443e-01,2.260977399035373203e-01,6.746795423789588853e+00
5.573556129577876384e+00,6.525665437605586705e-01,5.806063609840156348e-01,2.368413012943608731e-01,6.637079206626479433e+00
6.118950339097709801e+00,1.026343062567885989e+00,6.212804325882175238e-01,2.456841185781146186e-01,6.587504036851914435e+00
6.646257394965461529e+00,1.420607945200515587e+00,6.628738092581788477e-01,2.493023392936984384e-01,6.581551064026331943e+00
7.156710995827165078e+00,1.836693426018037645e+00,7.049866507547979388e-01,2.515040931300389082e-01,6.590451171272988518e+00
7.649847857870233803e+00,2.274693951932321934e+00,7.476008503597167953e-01,2.542659744505682551e-01,6.601883948024971360e+00
8.124454539378099582e+00,2.734149967340392617e+00,7.908753748229009339e-01,2.582574628703621644e-01,6.610525893817307264e+00
8.578989711688763009e+00,3.214366243737310391e+00,8.350093552989233947e-01,2.635008350921836384e-01,6.614917298249958222e+00
9.011802241984867123e+00,3.714569814822509919e+00,8.801805249690523025e-01,2.697638102294170337e-01,6.615422123592802350e+00
9.421229515169001090e+00,4.233968966754891206e+00,9.265231103529890655e-01,2.767312856108661845e-01,6.613099524890984071e+00
9.805635354512114432e+00,4.771757429381809246e+00,9.741220162231756241e-01,2.840784871232016617e-01,6.609105957573326862e+00
1.016342176468117309e+01,5.327089653097407229e+00,1.023013376334761304e+00,2.915011590394206986e-01,6.604401308396363746e+00
1.049303437971701136e+01,5.899043843065635784e+00,1.073186834086278907e+00,2.987204649384540001e-01,6.599651118390736926e+00
1.079297300561054307e+01,6.486584207926967771e+00,1.124586902035668023e+00,3.054734595472392011e-01,6.595236995937225899e+00
1.106181264635333861e+01,7.088529470119132370e+00,1.177112142501957948e+00,3.114981379828419272e-01,6.591313522812489722e+00
1.129823664009781581e+01,7.703531761188800786e+00,1.230612057909183266e+00,3.165194629305401741e-01,6.587877427483022075e+00
1.150108121458736932e+01,8.330068437908929369e+00,1.284882392923192285e+00,3.202402750709787971e-01,6.584830570495006086e+00
1.166938915741837945e+01,8.966448426710986297e+00,1.339660023766375607e+00,3.223388612954026233e-01,6.582028099562382550e+00
1.180246909681308409e+01,9.610834065142618954e+00,1.394618794017852492e+00,3.224733480985836898e-01,6.579310919327241436e+00
1.189995597370852742e+01,1.026127879416460864e+01,1.449367627661409141e+00,3.202922143001952215e-01,6.576525899067844350e+00
1.196186761065416171e+01,1.091578013089383603e+01,1.503452066811704846e+00,3.154498624349300617e-01,6.573537535461282388e+00
1.198865197651824666e+01,1.157234591965621640e+01,1.556360047667934898e+00,3.076258867058412894e-01,6.570233273679990660e+00
1.198122006547181151e+01,1.222907004862024039e+01,1.607532227073208198e+00,2.965462360997750957e-01,6.566523624229771983e+00
1.194096045000867257e+01,1.288421203895698852e+01,1.656376540688199173e+00,2.820041337470519660e-01,6.562338208421776287e+00
1.186973349266349231e+01,1.353627365630055834e+01,1.702286045402219727e+00,2.638787630170215115e-01,6.557619341238547506e+00
1.176984558378835111e+01,1.418406533937849012e+01,1.744658667836386678e+00,2.421505305592481783e-01,6.552315057625488492e+00
1.164400607857774617e+01,1.482675592539060894e+01,1.782917411010422226e+00,2.169129436296372559e-01,6.546373395762241643e+00
1.149527126481005723e+01,1.546390073378907815e+01,1.816529903407169133e+00,1.883822698781174587e-01,6.539739384902096830e+00
1.132698029286819086e+01,1.609544518982612260e+01,1.845026795138057230e+00,1.569066061191780326e-01,6.532355704356973547e+00
1.114268742542569335e+01,1.672170339432732433e+01,1.868019192748773483e+00,1.229754304872619913e-01,6.524167448303943573e+00
1.094609341051011420e+01,1.734331303738516894e+01,1.885215843621695475e+00,8.722926245375339782e-02,6.515130841621763480e+00
1.074097665986226069e+01,1.796116967088582683e+01,1.896440979362570500e+00,5.046730943007313869e-02,6.505225101812852628e+00
1.053112271051532822e+01,1.857634465623975117e+01,1.901653576643661969e+00,1.364986201563201176e-02,6.494465976172216770e+00
1.032024860124791665e+01,1.918999224919907576e+01,1.900968383663944161e+00,-2.210735707476414735e-02,6.482918883060424520e+00
1.011191763122630505e+01,1.980325239187832409e+01,1.894678568890080683e+00,-5.554709994866518369e-02,6.470709112571597643e+00
9.909439654223259453e+00,2.041715679949347972e+01,1.883279517938212244e+00,-8.528831550390028604e-02,6.458026183569600676e+00
9.715752564403732805e+00,2.103254656147963786e+01,1.867493397685788370e+00,-1.098376636768448877e-01,6.445119174352686997e+00
9.533281680389309898e+00,2.165000923548905121e+01,1.848294730776876893e+00,-1.275813423472827168e-01,6.432279869937786998e+00
9.363774970202891623e+00,2.226984183186151967e+01,1.826937843430348263e+00,-1.367489237051425499e-01,6.419812083875990893e+00
9.208114609377833659e+00,2.289203930637757267e+01,1.804985424577640885e+00,-1.353710195549543138e-01,6.407913598964638524e+00
9.066135177299358361e+00,2.351626031354377488e+01,1.784254456522901933e+00,-1.222525825575971475e-01,6.395596933175999865e+00
8.936677155538331974e+00,2.414208106509317275e+01,1.765647224240074253e+00,-1.096219144607581825e-01,6.385995747434325409e+00
8.818458662216437816e+00,2.476925455100418461e+01,1.748799435540924208e+00,-1.007782113768476012e-01,6.378514892026734273e+00
8.710550005517188055e+00,2.539760477979749709e+01,1.733071725268298779e+00,-9.593409791201261416e-02,6.372589646133901553e+00
8.612424970345474051e+00,2.602700910126610268e+01,1.717877359685231475e+00,-9.430980735484019439e-02,6.367679257398330961e+00
8.523893157565391121e+00,2.665736381881370320e+01,1.702765424072000711e+00,-9.504620077428298230e-02,6.363269849881332263e+00
8.445016167039685939e+00,2.728855616583357246e+01,1.687400187692651654e+00,-9.759661703062978699e-02,6.358889077501315157e+00
8.376050942184768644e+00,2.792044774830459275e+01,1.671499839954304845e+00,-1.018540959124703688e-01,6.354122951742899872e+00
8.317435615383592662e+00,2.855286732827445562e+01,1.654764307744067020e+00,-1.081664121932866124e-01,6.348627890410041275e+00
8.269820985111957512e+00,2.918561016035587485e+01,1.636802071742175402e+00,-1.173329247121849411e-01,6.342179354583334927e+00
8.234148031773344201e+00,2.981843734889791264e+01,1.617057164887607312e+00,-1.305972994900987671e-01,6.334663544893430753e+00
8.211766208961396529e+00,3.045106828475767813e+01,1.594759758169810748e+00,-1.493381029646749514e-01,6.326133498543606848e+00
8.204547252041946237e+00,3.108315831717620981e+01,1.569017769084687153e+00,-1.735871014425301173e-01,6.316840777870842416e+00
8.214854069864824027e+00,3.171421471106905088e+01,1.539192266044331348e+00,-2.000281476341410070e-01,6.306438377828893493e+00
8.245179623029853744e+00,3.234350415090622022e+01,1.505511126715907366e+00,-2.212808662994653897e-01,6.294551567252444357e+00
8.297436590691901870e+00,3.297006934308188164e+01,1.469418740745528806e+00,-2.301049070644429484e-01,6.280942820225385859e+00
8.372341816717048246e+00,3.359291970728840937e+01,1.432860533894830146e+00,-2.278915044678382074e-01,6.266522329154105009e+00
8.469497215918242006e+00,3.421122275951216096e+01,1.397239587060227439e+00,-2.197505978745726563e-01,6.251932223344800477e+00
8.587926354625768255e+00,3.482433947529010965e+01,1.362917170056212601e+00,-2.130524441645274270e-01,6.237677069693541299e+00
