1.000000000000000000e+01,2.000000000000000000e+00,3.141592653589793116e+00,0.000000000000000000e+00,4.000000000000000000e+00,-5.000000000000000000e+00,-2.000000000000000000e+00,0.000000000000000000e+00,0.000000000000000000e+00,4.000000000000000000e+00
9.453267324041116026e+00,2.000456128882763807e+00,3.139203528075432015e+00,-3.208209828224017207e-02,6.934660149192874989e+00,-4.615459043200651479e+00,-1.997494705349330379e+00,1.990493688849122311e-02,4.079887171918800126e-01,3.691116177451486458e+00
8.706074743877566746e+00,2.004624950742325940e+00,3.132637607200349894e+00,-3.804424724538294639e-02,8.009450922750639634e+00,-4.252839758817001936e+00,-1.982762234117948053e+00,6.242161266379407658e-02,4.684515060821331511e-01,3.567799231747815547e+00
7.892208105075627422e+00,2.014920539619122319e+00,3.125425237484117158e+00,-3.284262733615175150e-02,8.269219505380979385e+00,-3.899249301937584455e+00,-1.952756470109751952e+00,1.066813256042069558e-01,4.569798305281563833e-01,3.530006514954210139e+00
7.067537444797670432e+00,2.030826769155899658e+00,3.119458433481322235e+00,-2.500646735547177452e-02,8.227285907647909013e+00,-3.549314404809182477e+00,-1.907688829422169219e+00,1.492023082025329406e-01,4.413300892344285131e-01,3.527026359475851969e+00
6.250710428631870208e+00,2.050784095175770094e+00,3.115132861362801542e+00,-1.732121941438194423e-02,8.114142580703051166e+00,-3.201298555962058590e+00,-1.847992368648039507e+00,1.903849580902794436e-01,4.316396482520434841e-01,3.535446900143287330e+00
5.444418885008063036e+00,2.073343812020560950e+00,3.112342612269077158e+00,-1.033695487594500639e-02,8.018004432446138807e+00,-2.855091330322109044e+00,-1.773961791690198408e+00,2.308268664773044376e-01,4.255079002297768032e-01,3.545712725165036439e+00
4.645814672223253616e+00,2.097367172961083437e+00,3.110907648009243687e+00,-4.023504971316911247e-03,7.961306209986171112e+00,-2.511206387543432950e+00,-1.685847062698251353e+00,2.707444521204648291e-01,4.197886903292435967e-01,3.554647668729261412e+00
3.851117091376207391e+00,2.121926633101931969e+00,3.110679689338241793e+00,1.732353242791595267e-03,7.940233539050701950e+00,-2.170317027202649296e+00,-1.583946810180372866e+00,3.100703627716476229e-01,4.127259947334804835e-01,3.561686590003333208e+00
3.057295962852212945e+00,2.146198364646297208e+00,3.111547697678287872e+00,7.010757052194413128e-03,7.943609089343851792e+00,-1.833061612343069857e+00,-1.468646540490853081e+00,3.486132746720432829e-01,4.037315141525665840e-01,3.567158891932510123e+00
2.262415846241685902e+00,2.169406537954332137e+00,3.113419241541229177e+00,1.181488267037527490e-02,7.960770238159561529e+00,-1.499974246943921452e+00,-1.340417689198719176e+00,3.861632787385417265e-01,3.928803815067505312e-01,3.571602926628504093e+00
1.465465868795975402e+00,2.190814172808974281e+00,3.116195423585437219e+00,1.603923482578902687e-02,7.983983911529527688e+00,-1.171468287854136259e+00,-1.199796796628999740e+00,4.225455336821648533e-01,3.805695864465902245e-01,3.575549977969552984e+00
6.660678409885883999e-01,2.209747209121961653e+00,3.119744655450436888e+00,1.946432117638478496e-02,8.008468537854911418e+00,-8.478394639119876119e-01,-1.047356352000299751e+00,4.576430899756011028e-01,3.673359360681261454e-01,3.579499782888754034e+00
-1.357786060758703617e-01,2.225640874310779171e+00,3.123880827614915034e+00,2.178703417880853768e-02,8.031621866712983504e+00,-5.293038884854526227e-01,-8.836880575243316605e-01,4.914026797108053124e-01,3.537961767874015506e-01,3.583304280825641897e+00
-9.398858721251663884e-01,2.237930000592526003e+00,3.128980415336300336e+00,2.892821569037055604e-02,8.052418936593843668e+00,-2.162824438607144073e-01,-7.095442278941600511e-01,5.237321821971833158e-01,3.390780031479634915e-01,3.581042853054078101e+00
-1.745950852942597775e+00,2.245825443267680743e+00,3.134517281963911994e+00,2.600832306905982716e-02,8.069674620957387745e+00,9.061956109619992428e-02,-5.258907033171676959e-01,5.545181909363749995e-01,3.240706508010804954e-01,3.572349673629942934e+00
-2.553616922423073365e+00,2.249516181951359606e+00,3.139408269784695005e+00,2.242828912538032127e-02,8.083831527600642275e+00,3.908788481255476288e-01,-3.337452023790186129e-01,5.837898605409306274e-01,3.105970153485899110e-01,3.557435936974276736e+00
-3.362582393875812592e+00,2.249503420302046308e+00,3.143740426969871660e+00,2.040705209533778125e-02,8.095490557235072160e+00,6.841166396979529996e-01,-1.340622187086895900e-01,6.116822976809521695e-01,2.987504946028097241e-01,3.538192486488750177e+00
-4.172612927295906715e+00,2.246109071322133666e+00,3.147801631310199522e+00,1.969648208969376063e-02,8.105273480989554358e+00,9.705127032282504507e-01,7.263454213879459720e-02,6.384962520505796935e-01,2.908725196868744978e-01,3.525906345400563247e+00
-4.983534852423741057e+00,2.239458881019759318e+00,3.151779615276094848e+00,1.954122813743771475e-02,8.113721073680855156e+00,1.250471780305437042e+00,2.861553280315692893e-01,6.645436915128023481e-01,2.845205487877234263e-01,3.516116664854794571e+00
-5.795221570327011129e+00,2.229585658973662898e+00,3.155725362748482699e+00,1.934036511569580535e-02,8.121224733955889619e+00,1.524442333986919973e+00,5.065279467486419884e-01,6.902513452556792162e-01,2.845205487877234263e-01,3.516116664854794571e+00
-6.607576770571574443e+00,2.216523574984338385e+00,3.159596506935781424e+00,1.877282256981477326e-02,8.127989570073479442e+00,1.799206445137438104e+00,7.358354141497248646e-01,6.930342831099347567e-01,-2.207359805453794621e-01,3.641471819660267339e+00
-7.420514904683832569e+00,2.200361869952180527e+00,3.163310679074550880e+00,1.776659101220544323e-02,8.133995187871443378e+00,2.086511838051442247e+00,9.664826775690118499e-01,6.531686449999964950e-01,-5.851488722049333902e-01,3.727670714803621888e+00
-8.233937747925988759e+00,2.181258982842436911e+00,3.166790219093972070e+00,1.644196960032285465e-02,8.138955499767712709e+00,2.392791902315404506e+00,1.183332813600509459e+00,5.723901673693588821e-01,-8.273077296779659529e-01,3.779868581529349125e+00
-9.047704502530867998e+00,2.159426175865386099e+00,3.169992933627029164e+00,1.502951509417846561e-02,8.142243091173844149e+00,2.722514762409370626e+00,1.370218695614801696e+00,4.532604358733449135e-01,-9.657384370124196815e-01,3.804673015653415202e+00
-9.861589956325421014e+00,2.135093983016885577e+00,3.172924558400862960e+00,1.377171557044193188e-02,8.142744626484939019e+00,3.075566065088505052e+00,1.511829427047282959e+00,3.065341263412555417e-01,-1.024025084372941707e+00,3.810012047762221687e+00
-1.067522135921113779e+01,2.108477192650120458e+00,3.175633096708424308e+00,1.284398584059452154e-02,8.138593383248258206e+00,3.446074011667022319e+00,1.597749162583745663e+00,1.487262045231882157e-01,-1.032069655435663647e+00,3.804682074983323670e+00
-1.148793854257279534e+01,2.079758154917806579e+00,3.178173149838855238e+00,1.214199814385165561e-02,8.125899954689232985e+00,3.824833249495825260e+00,1.624338078278559694e+00,-7.718373701930882069e-03,-1.017820747146189975e+00,3.796894557187906916e+00
-1.229857031825001457e+01,2.049104155872292665e+00,3.180591190486821596e+00,1.170284368467909043e-02,8.098327164540561895e+00,4.202613387973634040e+00,1.592789947428711494e+00,-1.576834384727544003e-01,-9.955955141161634270e-01,3.792116910498566806e+00
-1.310543731245821597e+01,2.016675472038837569e+00,3.182921970193041794e+00,1.138661275740481156e-02,8.052044485544405106e+00,4.571870126819033153e+00,1.506416168675398293e+00,-3.008152194681244507e-01,-9.750684173954073941e-01,3.798844112960791275e+00
-1.390991533421812676e+01,1.982484353496419383e+00,3.185214207072075254e+00,1.138661275740481156e-02,8.052044485544405106e+00,4.925638312247752282e+00,1.368850379287509744e+00,-4.409146792302990892e-01,-9.750684173954073941e-01,3.798844112960791275e+00
