8.500000000000000000e+00 0.000000000000000000e+00 1.570796326794896558e+00 0.000000000000000000e+00 4.000000000000000000e+00 4.500000000000000000e+00 1.500000000000000000e+01 -1.570796326794896558e+00 0.000000000000000000e+00 1.000000000000000000e+00
8.500000000000000000e+00 4.000000000000000222e-01 1.570796326794896558e+00 0.000000000000000000e+00 4.000000000000000000e+00 4.500000000000000000e+00 1.490000000000000213e+01 -1.570796326794896558e+00 0.000000000000000000e+00 1.000000000000000000e+00
8.500000000000000000e+00 8.000000000000002665e-01 1.570796326794896558e+00 0.000000000000000000e+00 4.000000000000000000e+00 4.500000000000000000e+00 1.480000000000000426e+01 -1.570796326794896558e+00 0.000000000000000000e+00 1.000000000000000000e+00
8.500000000000000000e+00 1.200000000000000622e+00 1.570796326794896558e+00 0.000000000000000000e+00 4.000000000000000000e+00 4.500000000000000000e+00 1.470000000000000639e+01 -1.570796326794896558e+00 0.000000000000000000e+00 1.000000000000000000e+00
8.500000000000000000e+00 1.600000000000000977e+00 1.570796326794896558e+00 0.000000000000000000e+00 4.000000000000000000e+00 4.500000000000000000e+00 1.460000000000000853e+01 -1.570796326794896558e+00 0.000000000000000000e+00 1.000000000000000000e+00
8.500000000000000000e+00 2.000000000000001332e+00 1.570796326794896558e+00 0.000000000000000000e+00 4.000000000000000000e+00 4.500000000000000000e+00 1.450000000000001066e+01 -1.570796326794896558e+00 0.000000000000000000e+00 1.000000000000000000e+00
8.500000000000000000e+00 2.400000000000001688e+00 1.570796326794896558e+00 0.000000000000000000e+00 4.000000000000000000e+00 4.500000000000000000e+00 1.440000000000001279e+01 -1.570796326794896558e+00 0.000000000000000000e+00 1.000000000000000000e+00
8.500000000000000000e+00 2.800000000000002043e+00 1.570796326794896558e+00 0.000000000000000000e+00 4.000000000000000000e+00 4.500000000000000000e+00 1.430000000000001492e+01 -1.570796326794896558e+00 0.000000000000000000e+00 1.000000000000000000e+00
8.500000000000000000e+00 3.200000000000002398e+00 1.570796326794896558e+00 0.000000000000000000e+00 4.000000000000000000e+00 4.500000000000000000e+00 1.420000000000001705e+01 -1.570796326794896558e+00 0.000000000000000000e+00 1.000000000000000000e+00
8.500000000000000000e+00 3.600000000000002753e+00 1.570796326794896558e+00 0.000000000000000000e+00 4.000000000000000000e+00 4.500000000000000000e+00 1.410000000000001918e+01 -1.570796326794896558e+00 0.000000000000000000e+00 1.000000000000000000e+00
8.500000000000000000e+00 4.000000000000002665e+00 1.570796326794896558e+00 0.000000000000000000e+00 4.000000000000000000e+00 4.500000000000000000e+00 1.400000000000002132e+01 -1.570796326794896558e+00 0.000000000000000000e+00 1.000000000000000000e+00
8.500000000000000000e+00 4.400000000000003020e+00 1.570796326794896558e+00 0.000000000000000000e+00 4.000000000000000000e+00 4.500000000000000000e+00 1.390000000000002345e+01 -1.570796326794896558e+00 0.000000000000000000e+00 1.000000000000000000e+00
8.500000000000000000e+00 4.800000000000003375e+00 1.570796326794896558e+00 0.000000000000000000e+00 4.000000000000000000e+00 4.500000000000000000e+00 1.380000000000002558e+01 -1.570796326794896558e+00 0.000000000000000000e+00 1.000000000000000000e+00
8.500000000000000000e+00 5.200000000000003730e+00 1.570796326794896558e+00 0.000000000000000000e+00 4.000000000000000000e+00 4.500000000000000000e+00 1.370000000000002771e+01 -1.570796326794896558e+00 0.000000000000000000e+00 1.000000000000000000e+00
8.500000000000000000e+00 5.600000000000004086e+00 1.570796326794896558e+00 0.000000000000000000e+00 4.000000000000000000e+00 4.500000000000000000e+00 1.360000000000002984e+01 -1.570796326794896558e+00 0.000000000000000000e+00 1.000000000000000000e+00
8.500000000000000000e+00 6.000000000000004441e+00 1.570796326794896558e+00 0.000000000000000000e+00 4.000000000000000000e+00 4.500000000000000000e+00 1.350000000000003197e+01 -1.570796326794896558e+00 0.000000000000000000e+00 1.000000000000000000e+00
8.500000000000000000e+00 6.400000000000004796e+00 1.570796326794896558e+00 0.000000000000000000e+00 4.000000000000000000e+00 4.500000000000000000e+00 1.340000000000003411e+01 -1.570796326794896558e+00 0.000000000000000000e+00 1.000000000000000000e+00
8.500000000000000000e+00 6.800000000000005151e+00 1.570796326794896558e+00 0.000000000000000000e+00 4.000000000000000000e+00 4.500000000000000000e+00 1.330000000000003624e+01 -1.570796326794896558e+00 0.000000000000000000e+00 1.000000000000000000e+00
8.500000000000000000e+00 7.200000000000005507e+00 1.570796326794896558e+00 0.000000000000000000e+00 4.000000000000000000e+00 4.500000000000000000e+00 1.320000000000003837e+01 -1.570796326794896558e+00 0.000000000000000000e+00 1.000000000000000000e+00
8.500000000000000000e+00 7.600000000000005862e+00 1.570796326794896558e+00 0.000000000000000000e+00 4.000000000000000000e+00 4.500000000000000000e+00 1.310000000000004050e+01 -1.570796326794896558e+00 0.000000000000000000e+00 1.000000000000000000e+00
8.500000000000000000e+00 8.000000000000005329e+00 1.570796326794896558e+00 0.000000000000000000e+00 4.000000000000000000e+00 4.500000000000000000e+00 1.300000000000004263e+01 -1.570796326794896558e+00 0.000000000000000000e+00 1.000000000000000000e+00
8.500000000000000000e+00 8.399999999999996803e+00 1.570796326794896558e+00 0.000000000000000000e+00 4.000000000000000000e+00 4.500000000000000000e+00 1.290000000000004476e+01 -1.570796326794896558e+00 0.000000000000000000e+00 1.000000000000000000e+00
8.500000000000000000e+00 8.799999999999988276e+00 1.570796326794896558e+00 0.000000000000000000e+00 4.000000000000000000e+00 4.500000000000000000e+00 1.280000000000004690e+01 -1.570796326794896558e+00 0.000000000000000000e+00 1.000000000000000000e+00
8.500000000000000000e+00 9.199999999999979750e+00 1.570796326794896558e+00 0.000000000000000000e+00 4.000000000000000000e+00 4.500000000000000000e+00 1.270000000000004903e+01 -1.570796326794896558e+00 0.000000000000000000e+00 1.000000000000000000e+00
8.500000000000000000e+00 9.599999999999971223e+00 1.570796326794896558e+00 0.000000000000000000e+00 4.000000000000000000e+00 4.500000000000000000e+00 1.260000000000005116e+01 -1.570796326794896558e+00 0.000000000000000000e+00 1.000000000000000000e+00
8.500000000000000000e+00 9.999999999999962697e+00 1.570796326794896558e+00 0.000000000000000000e+00 4.000000000000000000e+00 4.500000000000000000e+00 1.250000000000005329e+01 -1.570796326794896558e+00 0.000000000000000000e+00 1.000000000000000000e+00
8.500000000000000000e+00 1.039999999999995417e+01 1.570796326794896558e+00 0.000000000000000000e+00 4.000000000000000000e+00 4.500000000000000000e+00 1.240000000000005542e+01 -1.570796326794896558e+00 0.000000000000000000e+00 1.000000000000000000e+00
8.500000000000000000e+00 1.079999999999994564e+01 1.570796326794896558e+00 0.000000000000000000e+00 4.000000000000000000e+00 4.500000000000000000e+00 1.230000000000005755e+01 -1.570796326794896558e+00 0.000000000000000000e+00 1.000000000000000000e+00
8.500000000000000000e+00 1.119999999999993712e+01 1.570796326794896558e+00 0.000000000000000000e+00 4.000000000000000000e+00 4.500000000000000000e+00 1.220000000000005969e+01 -1.570796326794896558e+00 0.000000000000000000e+00 1.000000000000000000e+00
8.500000000000000000e+00 1.159999999999992859e+01 1.570796326794896558e+00 0.000000000000000000e+00 4.000000000000000000e+00 4.500000000000000000e+00 1.210000000000006182e+01 -1.570796326794896558e+00 0.000000000000000000e+00 1.000000000000000000e+00
8.500000000000000000e+00 1.199999999999992006e+01 1.570796326794896558e+00 0.000000000000000000e+00 4.000000000000000000e+00 4.500000000000000000e+00 1.200000000000006395e+01 -1.570796326794896558e+00 0.000000000000000000e+00 1.000000000000000000e+00
