6.000000000000000000e+00,-5.000000000000000000e+00,1.570796326794896558e+00,0.000000000000000000e+00,1.000000000000000000e+01,2.000000000000000000e+00,6.500000000000000000e+01,-1.570796326794896558e+00,0.000000000000000000e+00,2.000000000000000000e+01
6.000097169937943953e+00,-3.953183081534484611e+00,1.570519938491574896e+00,-2.081191492654710894e-03,1.093633853085092866e+01,2.000308291005468142e+00,6.296951234227571348e+01,-1.570341975192341755e+00,1.781202271969000881e-03,2.060975399564082267e+01
6.000767738864624334e+00,-2.829350754461713802e+00,1.569851802309804034e+00,-2.669654730970172883e-03,1.154031243044235211e+01,2.002296170624227045e+00,6.088691813034515832e+01,-1.569305348724758353e+00,2.199401660681935509e-03,2.104215108428981296e+01
6.002326079356468114e+00,-1.656278078683194543e+00,1.569091501652278398e+00,-2.516179375914509922e-03,1.192116235160561644e+01,2.006868620511828905e+00,5.876739171594321931e+01,-1.567889415033058675e+00,3.142640166733192287e-03,2.134847939411368856e+01
6.004805380382866709e+00,-4.524449063834315998e-01,1.568405986746954861e+00,-2.040892773804394572e-03,1.215555262738751807e+01,2.015248842265430440e+00,5.662166588748304008e+01,-1.565736894525730616e+00,4.879645082073005673e-03,2.156637277898145300e+01
6.008070586083953835e+00,7.701546855177852091e-01,1.567876713822072610e+00,-1.423540240131910065e-03,1.229652670054209196e+01,2.029451500566719968e+00,5.445723386368873520e+01,-1.562550527380622833e+00,6.894717248063873989e-03,2.172321799316556223e+01
6.011899119664430025e+00,2.003983504800465720e+00,1.567546163612858479e+00,-7.204912788229347626e-04,1.238016859620099552e+01,2.051796041917667068e+00,5.227925116409797823e+01,-1.558388536959466109e+00,8.390350305438646142e-03,2.183875979043076399e+01
6.016020501278377175e+00,3.244511181368424868e+00,1.567441530715250275e+00,4.521325315487405977e-05,1.243052187094832561e+01,2.083999482492575606e+00,5.009119792556359130e+01,-1.553756677565929500e+00,8.542382217494594657e-03,2.192708350140527784e+01
6.020136611523747128e+00,4.489190116966820909e+00,1.567577997434335124e+00,8.315586175163177394e-04,1.246319297934709525e+01,2.126196371885640257e+00,4.789534468597800299e+01,-1.549577923131261192e+00,6.679668941272661961e-03,2.199812135036250282e+01
6.023942861842543017e+00,5.736742373221024316e+00,1.567950394005606096e+00,1.556203421594222567e-03,1.248796841826637305e+01,2.176125028742083245e+00,4.569306514149817389e+01,-1.547069764318334206e+00,2.430998787556328498e-03,2.205879930191446903e+01
6.027161150064614503e+00,6.986671502308149151e+00,1.568520723037032383e+00,2.093930081627382294e-03,1.251069736637642649e+01,2.228666027337364852e+00,4.348505476113843571e+01,-1.547546802343238825e+00,-4.156154059921030389e-03,2.211390982298695462e+01
6.029588089027655862e+00,8.238935390643378653e+00,1.569205643192683741e+00,2.281559227318386614e-03,1.253462792497089140e+01,2.275883152771915441e+00,4.127152699829983362e+01,-1.552160909484865181e+00,-1.251226168620254639e-02,2.216675619320131574e+01
6.031158195018450741e+00,9.493732468922040368e+00,1.569865994775521356e+00,1.928649533498860485e-03,1.256133374324624796e+01,2.307700750266535650e+00,3.905244680544522140e+01,-1.561583837625408089e+00,-2.144765795769425915e-02,2.221957447596132340e+01
6.032018068713715486e+00,1.075136560010606601e+01,1.570302661424635815e+00,8.494812921505973547e-04,1.259133496143054032e+01,2.313343863213141560e+00,3.682780658857864609e+01,-1.575645888465244226e+00,-2.910599546182269029e-02,2.227374016528372636e+01
6.032599067575406870e+00,1.201215750571391183e+01,1.570267384913597075e+00,-1.072475601803103695e-03,1.262450583583008878e+01,2.283610872110404699e+00,3.459785399588477617e+01,-1.592978778901554149e+00,-3.304804260616581169e-02,2.232983444533161332e+01
6.033665024005099298e+00,1.327639969578407175e+01,1.569494321843415197e+00,-3.818079322056973368e-03,1.266034759619465433e+01,2.213938053616321788e+00,3.236309298066770168e+01,-1.610692093676165060e+00,-3.031041681873988813e-02,2.238768705215935739e+01
6.036310841836056262e+00,1.454432267694798142e+01,1.567745409682359314e+00,-7.214900227313120369e-03,1.269817049066237047e+01,2.108309452105416426e+00,3.012389356499852155e+01,-1.623922462725805538e+00,-1.690132518490060007e-02,2.244642994493954546e+01
6.041905268231181125e+00,1.581607858531182664e+01,1.564848443150298474e+00,-1.100586409453243111e-02,1.273720269341596989e+01,1.984491286898864670e+00,2.787975879388843481e+01,-1.625151985473022753e+00,1.251256836338179856e-02,2.250454051313759862e+01
6.052001901039258946e+00,1.709172986709272735e+01,1.560703176764857592e+00,-1.498598968924290398e-02,1.277664036276577875e+01,1.880806635203088550e+00,2.562896671934760562e+01,-1.603708175464578778e+00,6.354883523671493728e-02,2.255992821946868787e+01
6.068265691497349401e+00,1.837123957265652052e+01,1.555249190845656271e+00,-1.910624257646516277e-02,1.281565269925209805e+01,1.864364045667419090e+00,2.337085066000679134e+01,-1.544755492569001465e+00,1.443736989377178981e-01,2.261019532406837840e+01
6.092460835413540110e+00,1.965445934717296339e+01,1.548397995553210560e+00,-2.358985786012708641e-02,1.285335462768006920e+01,2.036922381660872805e+00,2.111540854374746345e+01,-1.434851650330954298e+00,2.390217984611079094e-01,2.265333531306652048e+01
6.126089057553564921e+00,2.094108001507175487e+01,1.540996126952318468e+00,-2.241036076889636741e-02,1.288790535541656013e+01,2.513013058315422654e+00,1.890147243883367523e+01,-1.276220398026485459e+00,3.065915862175813134e-01,2.268517569856960847e+01
6.169241021006141246e+00,2.223013306190008365e+01,1.533620762971063645e+00,-2.332798896175253961e-02,1.290765542902885699e+01,3.386869710662808064e+00,1.681110925130650458e+01,-1.061650179212890510e+00,4.155956099319354502e-01,2.271527357631789812e+01
6.223328339931744502e+00,2.352067443026269444e+01,1.523256597002379475e+00,-4.083450879757113960e-02,1.292594649217821967e+01,4.738323391086457725e+00,1.499122405828240012e+01,-7.982002255614748520e-01,4.524025862069277482e-01,2.275222575513673462e+01
6.294939262747154096e+00,2.481199024878239356e+01,1.506283454783579279e+00,-6.405013780823527736e-02,1.294036328835620253e+01,6.530928511973919548e+00,1.359538012552674147e+01,-5.268392496744743747e-01,4.365894345548601008e-01,2.282674042106638268e+01
6.394640125635391747e+00,2.610253835755378304e+01,1.478891954402723252e+00,-1.048075560172957166e-01,1.294832029714241273e+01,8.635276312702684365e+00,1.270190154817222528e+01,-2.844230158091202165e-01,3.636617230955521141e-01,2.300887824357523925e+01
6.543668485892185416e+00,2.738842360127420150e+01,1.425426923499301557e+00,-2.222373242143566574e-01,1.294463406358303814e+01,1.090069540487712985e+01,1.228163050499373377e+01,-9.110328957384987436e-02,2.827151527651369234e-01,2.314446106679724835e+01
6.797069438748259529e+00,2.865220688777208125e+01,1.303482141632889224e+00,-4.964950443859383888e-01,1.285018707572580965e+01,1.321656035804513785e+01,1.224982836175022172e+01,5.689371777638032451e-02,2.171814066397356469e-01,2.321954507459942363e+01
7.299429063517989036e+00,2.981895681804491360e+01,9.528758738707219234e-01,-1.102288556116277407e+00,1.268254592363755151e+01,1.551661868571327396e+01,1.251173366548175814e+01,1.625129445465021694e-01,1.434554921067978939e-01,2.310047294538829732e+01
8.292184934899248461e+00,3.057109875771602603e+01,3.515117388810947707e-01,-1.071023997121966831e+00,1.260682205357790409e+01,1.776680966431500863e+01,1.297443633532837737e+01,2.418855311547004339e-01,1.311146468997906045e-01,2.285700820258988131e+01
9.532979410809403475e+00,3.064924491803433426e+01,-2.257163990999974112e-01,-1.071023997121966831e+00,1.260682205357790409e+01,1.996325107366203966e+01,1.360499298272881674e+01,3.172400486149919985e-01,1.311146468997906045e-01,2.285700820258988131e+01
