6.000000000000000000e+00,-5.000000000000000000e+00,1.570796326794896558e+00,0.000000000000000000e+00,1.000000000000000000e+01,2.000000000000000000e+00,6.500000000000000000e+01,-1.570796326794896558e+00,0.000000000000000000e+00,2.000000000000000000e+01
5.999813791553081366e+00,-3.947857536092138186e+00,1.571322862544674237e+00,3.938460125364112718e-03,1.104284986804767499e+01,2.000374128312269573e+00,6.295467702009968747e+01,-1.570249600837926307e+00,2.122762151344247724e-03,2.090646082681526963e+01
5.998620788676061188e+00,-2.813768365936916371e+00,1.572341208011214464e+00,3.251056407607980786e-03,1.163894706516211741e+01,2.002830469259877066e+00,6.083035334621561674e+01,-1.568984945527400088e+00,2.637078318017250719e-03,2.158004388749720448e+01
5.996353693406645036e+00,-1.634629797055774381e+00,1.572996042852929488e+00,1.200565529970668271e-03,1.194386832820638844e+01,2.008577467333423794e+00,5.864738306037808258e+01,-1.567241324995159335e+00,3.748538990527426184e-03,2.207951867060256035e+01
5.993636825343267915e+00,-4.341502282697699555e-01,1.573006479094861909e+00,-1.127078817102991279e-03,1.206578454254668031e+01,2.018978084204138934e+00,5.642097539866795586e+01,-1.564935537456672021e+00,4.534376999808843907e-03,2.244913029486347966e+01
5.991319288504193707e+00,7.730636342448838905e-01,1.572305345382050579e+00,-3.518774166667280792e-03,1.207853770169537100e+01,2.035079036798353336e+00,5.416247413184384385e+01,-1.562411256180679997e+00,4.407028831909714194e-03,2.272205486383072071e+01
5.990286305265851041e+00,1.978560554831027218e+00,1.570879087974258681e+00,-5.947754466019283467e-03,1.203141161397091707e+01,2.056797223576480871e+00,5.188032058228731813e+01,-1.560274711285237981e+00,3.084111273772659114e-03,2.292309159757909498e+01
5.991396888878893989e+00,3.177947438192780805e+00,1.568744461315235705e+00,-8.292554806663821401e-03,1.195634089904903163e+01,2.082471583972857587e+00,4.958077159264036737e+01,-1.559232259543501087e+00,5.450041701565140704e-04,2.307075678682508624e+01
5.995432887575710801e+00,4.369415730750001003e+00,1.565972747876594795e+00,-1.031955228085323743e-02,1.187316930123765601e+01,2.108777731583227233e+00,4.726843822052560284e+01,-1.559953715637190985e+00,-3.038073774006634468e-03,2.317890440609737368e+01
6.003031302467352504e+00,5.552722839589501191e+00,1.562706101314143003e+00,-1.176556494747118230e-02,1.179347131588341924e+01,2.130937538380064833e+00,4.494670236351926462e+01,-1.562966825837689644e+00,-7.341165677396701422e-03,2.325794549788103183e+01
6.014611006352791556e+00,6.728505069434911334e+00,1.559161540413785074e+00,-1.234978958826258612e-02,1.172332599306868062e+01,2.143176123042682679e+00,4.261805379908078351e+01,-1.568551287638734193e+00,-1.184130794643650439e-02,2.331572974832081258e+01
6.030290813944985118e+00,7.897830670338959358e+00,1.555645897667107924e+00,-1.169878447137749286e-02,1.166530052448608856e+01,2.139477065269407952e+00,4.028436844827966468e+01,-1.576587043712120773e+00,-1.570264492939873677e-02,2.335816164576545617e+01
6.049775947384198105e+00,9.061923563892968048e+00,1.552589203068150958e+00,-9.302457011874131973e-03,1.161982770451897906e+01,2.114778419610899629e+00,3.794711915132938174e+01,-1.586327573977960537e+00,-1.763198149891109442e-02,2.338961907233574777e+01
6.072200573845938365e+00,1.022200469374226017e+01,1.550576531412731329e+00,-4.571933610896145549e-03,1.158613316527842940e+01,2.066794014348328101e+00,3.560747774119861475e+01,-1.596094949723886325e+00,-1.575592335485638887e-02,2.341323544352963637e+01
6.095942702076395214e+00,1.137920991562823758e+01,1.550355862810534280e+00,3.049290408830652565e-03,1.156284200607865742e+01,1.998583060088375385e+00,3.326625896215627165e+01,-1.602965612985964183e+00,-7.711110658700252515e-03,2.343110191044061708e+01
6.118443369287493994e+00,1.253455068925772764e+01,1.552818317043847207e+00,1.400010572009256250e-02,1.154836113456925162e+01,1.921749521416099782e+00,3.092374204925956960e+01,-1.602562251665975435e+00,9.086276490901731492e-03,2.344443411488267515e+01
6.136056504681548063e+00,1.368888788403866208e+01,1.558960962507620396e+00,2.856011157585040816e-02,1.154110663948520354e+01,1.860056041052958298e+00,2.857966434090569763e+01,-1.588865699569143475e+00,3.762797237814717588e-02,2.345372996932624687e+01
6.143943586785991506e+00,1.484289191679796893e+01,1.569843038420020376e+00,4.683903719696250884e-02,1.153962738315264858e+01,1.853770094700764703e+00,2.623416065293186605e+01,-1.553730192278993005e+00,8.204047115131846146e-02,2.345894726663772190e+01
6.136015250207563554e+00,1.599696550412415519e+01,1.586550633999983972e+00,6.883856190321521740e-02,1.154265813529086415e+01,1.959907958413886320e+00,2.389099480129707942e+01,-1.493234083140295265e+00,1.235044754427302022e-01,2.345959535090415216e+01
6.104998591049965562e+00,1.715111721625342867e+01,1.609940420832419505e+00,9.286208105079385433e-02,1.154923715885002977e+01,2.230068392354384699e+00,2.156194158581292797e+01,-1.415871015417037304e+00,1.388726960392723808e-01,2.344549537302821562e+01
6.043756572375843739e+00,1.830491798467896203e+01,1.638143431157994767e+00,1.017855182589716967e-01,1.156002768214241527e+01,2.705088171014634391e+00,1.926862363847981641e+01,-1.308786974861280816e+00,2.225498200578414632e-01,2.341690866905633328e+01
5.949857481582743191e+00,1.945807599865768722e+01,1.665076872292611476e+00,8.390721719764437925e-02,1.158016604487626111e+01,3.479902425557929835e+00,1.706315162047365419e+01,-1.147345959944109373e+00,3.155685363505707497e-01,2.338628083685335923e+01
5.830298296269466718e+00,2.061189409154244245e+01,1.679804826243572302e+00,1.757778508327429226e-02,1.161996842555311105e+01,4.647795354964408432e+00,1.504341790942283552e+01,-9.402254083919253658e-01,3.655903000138850945e-01,2.335900209367657965e+01
5.706329064673805185e+00,2.176932218143407027e+01,1.670322329811224193e+00,-8.261005537506022067e-02,1.166109606598263682e+01,6.230380030798701618e+00,1.333449272042726541e+01,-7.025027290173843086e-01,4.078521129095459830e-01,2.333413509388108764e+01
5.609609029802168578e+00,2.293493439445630599e+01,1.632195673386253487e+00,-1.764046259143771944e-01,1.173269568210972835e+01,8.182769515540190497e+00,1.206906413770004782e+01,-4.462002962301481745e-01,4.202115724170797928e-01,2.332576112049306261e+01
5.570486049628970093e+00,2.411020561336563617e+01,1.574027106860972358e+00,-2.141488836712353572e-01,1.178906650195342465e+01,1.039393619457266205e+01,1.133924876200452125e+01,-1.943865760763717476e-01,3.943661342640699119e-01,2.336741026540018140e+01
5.605329713894819044e+00,2.529049211835478772e+01,1.507902480982021398e+00,-2.264838431769185534e-01,1.183125096360448936e+01,1.271982992766574405e+01,1.114876625909735530e+01,2.211974753877685163e-02,3.146761235910796040e-01,2.339753246324985270e+01
5.719965931156580474e+00,2.646909364017968613e+01,1.439821178458007056e+00,-2.255169435012970292e-01,1.185659198490169430e+01,1.504563814084272444e+01,1.139995775993511629e+01,1.833588354483162430e-01,2.224407747153763493e-01,2.343993461611454165e+01
5.914246951535030661e+00,2.763810278381160046e+01,1.372673873442717074e+00,-2.201678146621612320e-01,1.184872610564626783e+01,1.732220344503950216e+01,1.195344692718720303e+01,2.826133698606844713e-01,1.128064309229384332e-01,2.343708760701762372e+01
6.185681570241517768e+00,2.879104141464169686e+01,1.306527882566346888e+00,-2.192975216630531632e-01,1.184478249895459356e+01,1.954940889735236098e+01,1.268064200626124283e+01,3.483686232713353870e-01,1.107417559960624243e-01,2.342968142239605811e+01
6.532563427955898838e+00,2.992336314230188776e+01,1.240528182666896351e+00,-2.192975216630531632e-01,1.184478249895459356e+01,2.172404267652262533e+01,1.355157671267051889e+01,4.135011990403344995e-01,1.107417559960624243e-01,2.342968142239605811e+01
