6.000000000000000000e+00,-5.000000000000000000e+00,1.570796326794896558e+00,0.000000000000000000e+00,1.000000000000000000e+01,2.000000000000000000e+00,6.500000000000000000e+01,-1.570796326794896558e+00,0.000000000000000000e+00,2.000000000000000000e+01
6.000000000000000000e+00,-3.996813107755425420e+00,1.570796326794896558e+00,4.246941024759559039e-19,1.006373784489147383e+01,1.999877506745792122e+00,6.299988363099445365e+01,-1.570980054210745491e+00,-7.348525845687610501e-04,2.000232751514719354e+01
6.000000000000000000e+00,-2.987599455179622332e+00,1.570796326794896558e+00,4.798981604298509862e-19,1.012053520662458794e+01,1.999220844129362407e+00,6.099953820496364898e+01,-1.571229951951366166e+00,-2.645744459873153342e-04,2.000458326676238130e+01
6.000000000000000000e+00,-1.972994576216686058e+00,1.570796326794896558e+00,3.183344119344599714e-19,1.017156237263414198e+01,1.998367146626529589e+00,5.899897053963077553e+01,-1.571143098905050328e+00,6.118720010267665209e-04,2.000677370077802664e+01
6.000000000000000000e+00,-9.535247331995803100e-01,1.570796326794896558e+00,-3.821706288250585689e-21,1.021783448770797520e+01,1.998140522815887277e+00,5.699818654020779007e+01,-1.570595615178156601e+00,1.577186548618745437e-03,2.000890705061856067e+01
6.000000000000000000e+00,7.037841971494850080e-02,1.570796326794896558e+00,-4.631451546478466342e-19,1.026022857058260129e+01,1.999476288773780475e+00,5.499719208992684116e+01,-1.569589592104391640e+00,2.444884047678607623e-03,2.001099256480593169e+01
6.000000000000000000e+00,1.098364770551170100e+00,1.570796326794896558e+00,-1.043461528706311488e-18,1.029949844614183263e+01,2.003212977701879449e+00,5.299599411454274644e+01,-1.568219715298417860e+00,3.031309167430063997e-03,2.001303984712290429e+01
6.000000000000000000e+00,2.130154082230781842e+00,1.570796326794896558e+00,-1.724970979919905778e-18,1.033628778745040222e+01,2.009902517142264422e+00,5.099460059391314815e+01,-1.566680626744994198e+00,3.120702647852246180e-03,2.001505810956128784e+01
6.000000000000000000e+00,3.165525543511395590e+00,1.570796326794896558e+00,-2.479115413389149212e-18,1.037114143816188161e+01,2.019595837676797068e+00,4.899301855645651926e+01,-1.565280155139882723e+00,2.476685885172524859e-03,2.001705534218430671e+01
6.000000000000000000e+00,4.204308373515612374e+00,1.570796326794896558e+00,-3.265937450851481038e-18,1.040451516192241854e+01,2.031612839673273996e+00,4.699125003388446231e+01,-1.564439036576576569e+00,8.847776508514788342e-04,2.001903770438939745e+01
6.000000000000000000e+00,5.246373328652711443e+00,1.570796326794896558e+00,-4.032729160516587133e-18,1.043678394081954508e+01,2.044338372753507382e+00,4.498928811675197892e+01,-1.564662981432037858e+00,-1.779616800110733017e-03,2.002100966571280338e+01
6.000000000000000000e+00,6.291624971661136101e+00,1.570796326794896558e+00,-4.713451964795912611e-18,1.046824891934896584e+01,2.055111519510795404e+00,4.298711813120699077e+01,-1.566475567770494237e+00,-5.462664551773321366e-03,2.002297529191924497e+01
6.000000000000000000e+00,7.339994570809709629e+00,1.570796326794896558e+00,-5.228687530852686360e-18,1.049914306362250471e+01,2.060295494931322580e+00,4.098473029042710891e+01,-1.570303853150066153e+00,-9.831761509208681790e-03,2.002494031995251333e+01
6.000000000000000000e+00,8.391433502878554052e+00,1.570796326794896558e+00,-5.486268710344977721e-18,1.052963557775441927e+01,2.055626431820548827e+00,3.898214607206873694e+01,-1.576314612851489549e+00,-1.417888685216599394e-02,2.002691333247497596e+01
6.000000000000000000e+00,9.445907036322672923e+00,1.570796326794896558e+00,-5.383512845001031448e-18,1.055983509112790486e+01,2.036934612762787200e+00,3.697944768386230407e+01,-1.584208987289041692e+00,-1.735191718153768561e-02,2.002890304414776779e+01
6.000000000000000000e+00,1.050338837101448242e+01,1.570796326794896558e+00,-4.813015542752092452e-18,1.058979160270828501e+01,2.001302444183527651e+00,3.497678051674918009e+01,-1.592997541920240900e+00,-1.774620357289472330e-02,2.003090852359612484e+01
6.000000000000000000e+00,1.156385280832386009e+01,1.570796326794896558e+00,-3.674420068526769628e-18,1.061949714347930396e+01,1.948661451585864457e+00,3.297428690928767026e+01,-1.600794826491514833e+00,-1.339076697367770803e-02,2.003290097616968524e+01
6.000000000000000000e+00,1.262727192037941037e+01,1.570796326794896558e+00,-1.892877756491921417e-18,1.064888509763168400e+01,1.883735037754518116e+00,3.097195554337873347e+01,-1.604687994625224157e+00,-2.155293925327252287e-03,2.003479965222002335e+01
6.000000000000000000e+00,1.369360758073987760e+01,1.570796326794896558e+00,5.601077477493121218e-19,1.067782810957764283e+01,1.818118354856276042e+00,2.896946925008612084e+01,-1.600740801191604223e+00,1.791486307267196182e-02,2.003645028988085386e+01
6.000000000000000000e+00,1.476280571115875517e+01,1.570796326794896558e+00,3.654466683845452476e-18,1.070613449879989076e+01,1.772177839357731433e+00,2.696631558797675154e+01,-1.584183964158215607e+00,4.816068101403089829e-02,2.003762171552111226e+01
6.000000000000000000e+00,1.583478959149643828e+01,1.570796326794896558e+00,7.311823833240037486e-18,1.073354310795378908e+01,1.776370407326237189e+00,2.496263602428769701e+01,-1.549811479428091054e+00,8.883585683841845049e-02,2.003804155020922906e+01
6.000000000000000000e+00,1.690945257283838288e+01,1.570796326794896558e+00,1.144481906984082430e-17,1.075971651888513847e+01,1.871499984062986011e+00,2.296139384447501897e+01,-1.492565267760526115e+00,1.386831640719259351e-01,2.003748550012392826e+01
6.000000000000000000e+00,1.798665002779817357e+01,1.570796326794896558e+00,1.601236655727605780e-17,1.078423258031063980e+01,2.107239881105924084e+00,2.097223834729231129e+01,-1.408307588695199453e+00,1.945236503800469863e-01,2.003590506157653550e+01
6.000000000000000000e+00,1.906619036633805564e+01,1.570796326794896558e+00,2.104346818748731485e-17,1.080657419048694834e+01,2.537805942841839801e+00,1.901667929450379546e+01,-1.294928074375403693e+00,2.505874418010324844e-01,2.003353600179778482e+01
6.000000000000000000e+00,2.014782493869289937e+01,1.570796326794896558e+00,2.652620214387898971e-17,1.082611725660996171e+01,3.213357409060844549e+00,1.713257002218235669e+01,-1.153776914170401291e+00,2.987481975891300157e-01,2.003090408912008513e+01
6.000000000000000000e+00,2.123123663642852321e+01,1.570796326794896558e+00,3.205013770095813518e-17,1.084211669810255074e+01,4.167600071283340313e+00,1.537403849789651566e+01,-9.904067971715269092e-01,3.319241592807593566e-01,2.002869414384765179e+01
6.000000000000000000e+00,2.231602698454385703e+01,1.570796326794896558e+00,3.649890916683173645e-17,1.085369026420414329e+01,5.406037752496280824e+00,1.380330054516086769e+01,-8.148999126904838963e-01,3.423491586199168824e-01,2.002742415166856915e+01
6.000000000000000000e+00,2.340170148744286749e+01,1.570796326794896558e+00,3.866810844790014802e-17,1.085979979377624360e+01,6.900881748042770880e+00,1.247434565299212039e+01,-6.395727740234208314e-01,3.313061522322781061e-01,2.002725769195361494e+01
6.000000000000000000e+00,2.448765294518725710e+01,1.570796326794896558e+00,3.853067550952620402e-17,1.085922936111144210e+01,8.600511895753383484e+00,1.141937311517867215e+01,-4.734809323116804247e-01,3.092827142020061482e-01,2.002731673404404944e+01
6.000000000000000000e+00,2.557314239016813673e+01,1.570796326794896558e+00,3.772291565637214005e-17,1.085055953850616817e+01,1.044729788201351006e+01,1.065008391871518967e+01,-3.171159346995075512e-01,2.961441390111758665e-01,2.002559555844594996e+01
6.000000000000000000e+00,2.665819834401874999e+01,1.570796326794896558e+00,3.772291565637214005e-17,1.085055953850616817e+01,1.239021736347103797e+01,1.017309656861488421e+01,-1.643624751767361891e-01,2.961441390111758665e-01,2.002559555844594996e+01
