6.000000000000000000e+00,-5.000000000000000000e+00,1.570796326794896558e+00,0.000000000000000000e+00,1.500000000000000000e+01,2.000000000000000000e+00,6.500000000000000000e+01,-1.570796326794896558e+00,0.000000000000000000e+00,1.500000000000000000e+01
5.999198191785445999e+00,-3.568106305524649358e+00,1.572489476646487638e+00,9.611885136293530849e-03,1.363788201344354079e+01,2.000857768338630827e+00,6.331817096348087404e+01,-1.569294080802877467e+00,6.897153006484647506e-03,1.863658850741604667e+01
5.994994551630131063e+00,-2.242841329371116910e+00,1.575331779142539634e+00,7.525019396860507977e-03,1.286755978062933181e+01,2.007128370204790624e+00,6.134661654965893973e+01,-1.565958448300983852e+00,6.642251949943018402e-03,2.079471748568352396e+01
5.987752814680943558e+00,-9.753515967793356944e-01,1.577673193684265396e+00,7.251360514540085116e-03,1.248265441171561463e+01,2.023419361174264353e+00,5.920603471099428106e+01,-1.559432458542864497e+00,1.764036693159705405e-02,2.201823623592986579e+01
5.977859305135315715e+00,2.656698796607761537e-01,1.579833265935400854e+00,6.671326038339832169e-03,1.233856864830194411e+01,2.060463245045498493e+00,5.697227561484771741e+01,-1.548706517944756111e+00,2.074841565595361703e-02,2.266330280445174949e+01
5.965578187549753331e+00,1.499349130280943854e+00,1.581557219056433095e+00,4.507193028684811954e-03,1.233624196643319237e+01,2.123082770420658072e+00,5.469198501937687240e+01,-1.538528362696196972e+00,1.495491325631046614e-02,2.295989918817046416e+01
5.951602680246536714e+00,2.736565835742558850e+00,1.582464022536332005e+00,1.359031183956806296e-03,1.240967161926780804e+01,2.204728500275435987e+00,5.239273399594708991e+01,-1.533147885735307581e+00,3.760973332914737365e-03,2.305416112624744684e+01
5.937003575814358669e+00,3.982785771009956122e+00,1.582392089023967108e+00,-1.816236477638453681e-03,1.251643729242525538e+01,2.291025153809349124e+00,5.008977444031519610e+01,-1.534813264283786616e+00,-9.543606845709422248e-03,2.303736299035499613e+01
5.922966651815147365e+00,5.240061244155475251e+00,1.581382870925771122e+00,-4.600741237582089624e-03,1.263064036294080594e+01,2.364650218957209837e+00,4.779080379138308388e+01,-1.543976597436143905e+00,-2.233017535874351131e-02,2.296578520401599732e+01
5.910630177731126977e+00,6.508418151917137351e+00,1.579531085088211828e+00,-7.074989113419732217e-03,1.273770128758032527e+01,2.409167351908870547e+00,4.549930067662073441e+01,-1.559764585324700192e+00,-3.276979006805980782e-02,2.287340183040157982e+01
5.901060325762395031e+00,7.786797165614529170e+00,1.576915001302717112e+00,-9.292745306512610257e-03,1.283060266898440105e+01,2.411463308809060901e+00,4.321668369518761210e+01,-1.580489428958893106e+00,-3.983687218131722746e-02,2.277977841868523612e+01
5.895248236711818635e+00,9.073693651006310645e+00,1.573603037304895924e+00,-1.129315116914415655e-02,1.290760130384168036e+01,2.362985710350608226e+00,4.094349230946352236e+01,-1.604049661245803282e+00,-4.301192290888116582e-02,2.269543821059667366e+01
5.894087695585351838e+00,1.036756046210977544e+01,1.569700429841157208e+00,-1.283430114278267045e-02,1.296976175428159905e+01,2.260501843540448252e+00,3.867980013870037936e+01,-1.627824482409463647e+00,-4.087116823034325080e-02,2.262584629389696644e+01
5.898264735231115274e+00,1.166693913615447009e+01,1.565428957796503484e+00,-1.346218940215692522e-02,1.301796576067603795e+01,2.106933286852981535e+00,3.642506561887132932e+01,-1.649200249441324484e+00,-3.475658576499940366e-02,2.257417858440664915e+01
5.908123712281865281e+00,1.297051494455082299e+01,1.561036242207683333e+00,-1.349331604449471173e-02,1.305431699559754577e+01,1.910339131296712845e+00,3.417786982284358999e+01,-1.665969960753074686e+00,-2.469518849899775617e-02,2.254192802905461335e+01
5.923741528971371295e+00,1.427741324007234702e+01,1.556671908375823810e+00,-1.321895133698083175e-02,1.308553596874931557e+01,1.684295020174259916e+00,3.193541639324613257e+01,-1.674878806673654630e+00,-6.922515393688045450e-03,2.253457418367699105e+01
5.945101171948311780e+00,1.558687553237533940e+01,1.552278343337424094e+00,-1.361768484882214594e-02,1.310721484804354020e+01,1.450814916223165829e+00,2.969324256891592029e+01,-1.671952575201090196e+00,1.730344147644891778e-02,2.255139419227731779e+01
5.970598600574216874e+00,1.689793777834394461e+01,1.551727807138573834e+00,1.025558092134058567e-02,1.311898976873541400e+01,1.241194849937052869e+00,2.744711074609544355e+01,-1.652528709809157004e+00,5.153977780342157422e-02,2.256716685944191525e+01
5.993672223927061893e+00,1.820989184194212029e+01,1.554494994957449361e+00,6.615312091262304066e-03,1.312415759711260677e+01,1.099553058776409742e+00,2.519453427065628048e+01,-1.610271167953337246e+00,9.792123269140569353e-02,2.257671910733588660e+01
6.014768570300571326e+00,1.952241534270251933e+01,1.554098378004175718e+00,-9.031279048759539504e-03,1.312970369322343345e+01,1.082826199930669420e+00,2.293723526877229446e+01,-1.541789180422279859e+00,1.435056730479091491e-01,2.257934387932916920e+01
6.040452564415651260e+00,2.083548851096401933e+01,1.547001582818351428e+00,-3.418684568600460771e-02,1.313683940251333837e+01,1.251517051760094645e+00,2.068685715974413597e+01,-1.445100707748486979e+00,1.957532237938923725e-01,2.257210492767609011e+01
6.080583759999298898e+00,2.214914381882918093e+01,1.532384866822214420e+00,-5.472001168017288225e-02,1.314875850420092362e+01,1.677873485139792065e+00,1.847229854749738820e+01,-1.307447344356656549e+00,2.825090996325126946e-01,2.256813470222077811e+01
6.138016423906362817e+00,2.346445229345016514e+01,1.525716378172837562e+00,1.419159226540944382e-02,1.318253508145103226e+01,2.455796760708345072e+00,1.635719675061351452e+01,-1.121978441451692898e+00,3.524091223815447593e-01,2.256904417099552163e+01
6.197733195578349452e+00,2.478063868752449750e+01,1.522597925225295246e+00,-3.313100682692031451e-02,1.316828812841237095e+01,3.649608152013211537e+00,1.444707142900904451e+01,-8.963476032462771581e-01,4.080945506798036027e-01,2.257671386456053497e+01
6.273706473206012824e+00,2.609301980275876076e+01,1.499150336367416569e+00,-1.092908694925784907e-01,1.312389160971418889e+01,5.268644967723327355e+00,1.287966920088426370e+01,-6.369648003220690358e-01,4.525804310026551036e-01,2.261885564775401392e+01
6.397296357628266428e+00,2.739602608680329610e+01,1.448302395560574718e+00,-1.988733039752460796e-01,1.305603119445928328e+01,7.247690589790447113e+00,1.179156426654187584e+01,-3.718211573110105084e-01,4.231839206497719497e-01,2.268271747896506341e+01
6.598800730961281502e+00,2.868263743622466322e+01,1.382534649405118721e+00,-1.997040140956499454e-01,1.299456743045153573e+01,9.444292563752211933e+00,1.122940980758185248e+01,-1.358555972631861897e-01,3.638815404621833505e-01,2.277056839890292750e+01
6.883202352214953912e+00,2.994833451049531448e+01,1.317060992891837312e+00,-1.986380745207694531e-01,1.295518920713899291e+01,1.171989626037722054e+01,1.115433924790875508e+01,6.426094641801249896e-02,3.110821684969274914e-01,2.284235504533800665e+01
7.248310075458604729e+00,3.118893721567535238e+01,1.252157885692358752e+00,-1.975267820294621390e-01,1.291360214871952294e+01,1.397864472083032794e+01,1.148512207165422083e+01,2.160240452544710255e-01,2.077896700070094305e-01,2.285839769496913831e+01
7.691408109293274897e+00,3.239966898667385209e+01,1.187826545006851475e+00,-1.964101202709559180e-01,1.287616841894839936e+01,1.617513392271883177e+01,1.210704931441515875e+01,3.355247255381543781e-01,2.047854355690580941e-01,2.282557962423244291e+01
8.210467957182702392e+00,3.357778921186595511e+01,1.123775543846823322e+00,-1.964101202709559180e-01,1.287616841894839936e+01,1.828088308789005012e+01,1.298442912482994949e+01,4.540448282947084913e-01,2.047854355690580941e-01,2.282557962423244291e+01
