6.000000000000000000e+00,-5.000000000000000000e+00,1.570796326794896558e+00,0.000000000000000000e+00,1.500000000000000000e+01,2.000000000000000000e+00,6.500000000000000000e+01,-1.570796326794896558e+00,0.000000000000000000e+00,1.500000000000000000e+01
6.000000000000000000e+00,-3.498152126963501640e+00,1.570796326794896558e+00,-1.358956257843379098e-19,1.503695746072999384e+01,2.000302822328479113e+00,6.349965460984955001e+01,-1.570190844383469120e+00,3.228242646500990420e-03,1.500690890317194714e+01
6.000000000000000000e+00,-1.992815589087574057e+00,1.570796326794896558e+00,-2.430073455392130928e-19,1.506977329678855781e+01,2.002272767201524584e+00,6.199862945761233135e+01,-1.568675817805273986e+00,4.846206647224029183e-03,1.501362287391506456e+01
6.000000000000000000e+00,-4.843792825534926072e-01,1.570796326794896558e+00,-3.400584201430857618e-19,1.509895283389306897e+01,2.006875961941243069e+00,6.049694776334462176e+01,-1.566750991876070254e+00,5.407854700782292572e-03,1.502015675293362662e+01
6.000000000000000000e+00,1.026815392509192737e+00,1.570796326794896558e+00,-4.248739785269229319e-19,1.512494066736064013e+01,2.014462067282664304e+00,5.899463308796330807e+01,-1.564753850374443589e+00,5.226930743412323312e-03,1.502652481466183687e+01
6.000000000000000000e+00,2.540468718363016798e+00,1.570796326794896558e+00,-4.883441130826694108e-19,1.514812584971583220e+01,2.024948305506477197e+00,5.749170660430949908e+01,-1.562931969817454858e+00,4.470583595495449154e-03,1.503274065562401063e+01
6.000000000000000000e+00,4.056317347556305464e+00,1.570796326794896558e+00,-5.197707553016989383e-19,1.516884673414995888e+01,2.037918508129596518e+00,5.598818479197404940e+01,-1.561486270933371667e+00,3.221508145182508907e-03,1.503881707436931947e+01
6.000000000000000000e+00,5.574129458336024356e+00,1.570796326794896558e+00,-5.094356687361490858e-19,1.518739548144441898e+01,2.052672967122233239e+00,5.448407805143368421e+01,-1.560594741120832962e+00,1.520209005627297253e-03,1.504476603766311982e+01
6.000000000000000000e+00,7.093700344292455107e+00,1.570796326794896558e+00,-4.501877278515405648e-19,1.520402223768419603e+01,2.068253437476472723e+00,5.297939047464991802e+01,-1.560422676222635641e+00,-6.053005436501099779e-04,1.505059880400381189e+01
6.000000000000000000e+00,8.614848405703321887e+00,1.570796326794896558e+00,-3.384134307076551202e-19,1.521893899053313959e+01,2.083460402625141317e+00,5.147412106652389241e+01,-1.561123283851229004e+00,-3.117837410942108506e-03,1.505632623552120464e+01
6.000000000000000000e+00,1.013741151086866665e+01,1.570796326794896558e+00,-1.743129604493284709e-19,1.523232311277372020e+01,2.096875086488388717e+00,4.996826672583493689e+01,-1.562831140013084763e+00,-5.954710940761681441e-03,1.506195926635321314e+01
6.000000000000000000e+00,1.166124369665324956e+01,1.570796326794896558e+00,3.864116389337847576e-20,1.524432060291795565e+01,2.106895641313775602e+00,4.846182711915925267e+01,-1.565650199609763149e+00,-9.015187886489996888e-03,1.506750941298491853e+01
6.000000000000000000e+00,1.318621217848107818e+01,1.570796326794896558e+00,2.950776923975327525e-19,1.525504903363861686e+01,2.111794772232350681e+00,4.695481115540078321e+01,-1.569637645051558339e+00,-1.215105791042424277e-02,1.507298912375773625e+01
6.000000000000000000e+00,1.471219464112505015e+01,1.570796326794896558e+00,5.897894923219090114e-19,1.526460021924080479e+01,2.109804297595639699e+00,4.544724409393541009e+01,-1.574784708191823812e+00,-1.516020553134595807e-02,1.507841169569189788e+01
6.000000000000000000e+00,1.623907678274423105e+01,1.570796326794896558e+00,9.202040745836076072e-19,1.527304261314284872e+01,2.099230420998436930e+00,4.393917347981875565e+01,-1.580995660458941021e+00,-1.778358303020639505e-02,1.508379046884503083e+01
6.000000000000000000e+00,1.776675008566099834e+01,1.570796326794896558e+00,1.288928221132087971e-18,1.528042344519251472e+01,2.078601504742827011e+00,4.243067129075215149e+01,-1.588066394109234558e+00,-1.970635221634114628e-02,1.508913707064319709e+01
6.000000000000000000e+00,1.929510978824690781e+01,1.570796326794896558e+00,1.705982276726620384e-18,1.528677060652571029e+01,2.046847661438123023e+00,4.092182923125506022e+01,-1.595664355935014767e+00,-2.056413157719072862e-02,1.509445863609897742e+01
6.000000000000000000e+00,2.082405303290175524e+01,1.570796326794896558e+00,2.189540648201569982e-18,1.529209428657120284e+01,2.003508447272331683e+00,3.941274446917726237e+01,-1.603311934114129755e+00,-1.995509436459245653e-02,1.509975415527051723e+01
6.000000000000000000e+00,2.235347716536868390e+01,1.570796326794896558e+00,2.759387678706498031e-18,1.529638836276733471e+01,1.948961533380559441e+00,3.790349477321331761e+01,-1.610375566185273222e+00,-1.745797955893652054e-02,1.510501034840544321e+01
6.000000000000000000e+00,2.388327816044058594e+01,1.570796326794896558e+00,3.401336225035851256e-18,1.529963153867068826e+01,1.884661970428727074e+00,3.639410536160241350e+01,-1.616062627171292343e+00,-1.265492097133370103e-02,1.511019768763334881e+01
6.000000000000000000e+00,2.541334914839955061e+01,1.570796326794896558e+00,3.979882863427776819e-18,1.530178822050846321e+01,1.813379337116912016e+00,3.488451487162683406e+01,-1.619427422079542378e+00,-5.156652836806359733e-03,1.511526734811251771e+01
6.000000000000000000e+00,2.694357901522315046e+01,1.570796326794896558e+00,4.265037796449499527e-18,1.530280911596353377e+01,1.739419458316243006e+00,3.337455426187317897e+01,-1.619386368834561329e+00,5.373329866315439129e-03,1.512015001180648355e+01
6.000000000000000000e+00,2.847385104763097985e+01,1.570796326794896558e+00,4.249028850753275243e-18,1.530263153219300065e+01,1.668818782091728403e+00,3.186395920023167605e+01,-1.614741010379197705e+00,1.919896793281786890e-02,1.512475762616858788e+01
6.000000000000000000e+00,3.000391739613604969e+01,1.570796326794896558e+00,4.232924232429238192e-18,1.529869543790839614e+01,1.609502156433490150e+00,3.035244232318949642e+01,-1.604206442616467276e+00,3.649755864742996320e-02,1.512898944309799987e+01
6.000000000000000000e+00,3.153359054650422522e+01,1.570796326794896558e+00,4.216831760023879950e-18,1.529476756945511440e+01,1.571396396341276924e+00,2.883985553576016514e+01,-1.586442966846181024e+00,5.734837633240777444e-02,1.513274372576249860e+01
6.000000000000000000e+00,3.306287132321719469e+01,1.570796326794896558e+00,4.200776789228692539e-18,1.529084796480390196e+01,1.566488785693874286e+00,2.732647339231021988e+01,-1.560091265261795979e+00,8.171418529728684266e-02,1.513593584165979777e+01
6.000000000000000000e+00,3.459176055454040011e+01,1.570796326794896558e+00,4.184769152402447217e-18,1.528693666166008214e+01,1.608806445158266207e+00,2.581342530978700367e+01,-1.523816701131761153e+00,1.093993035372733263e-01,1.513852119731398105e+01
6.000000000000000000e+00,3.612025907249659440e+01,1.570796326794896558e+00,4.168813607702374421e-18,1.528303369746378593e+01,1.714265271054569606e+00,2.430329333173187223e+01,-1.476375066237721523e+00,1.399701514861469709e-01,1.514051730097062176e+01
6.000000000000000000e+00,3.764836771283929551e+01,1.570796326794896558e+00,4.152912759857303890e-18,1.527913910939021847e+01,1.900298754892768338e+00,2.280086509891964042e+01,-1.416714842708173494e+00,1.726485880902222103e-01,1.514201522398773037e+01
6.000000000000000000e+00,3.917608731502630093e+01,1.570796326794896558e+00,4.137068143213298082e-18,1.527525293434994325e+01,2.185146207515663797e+00,2.131397706200577247e+01,-1.344121254852673975e+00,2.062350534314837391e-01,1.514317173344908340e+01
6.000000000000000000e+00,4.070341872219325552e+01,1.570796326794896558e+00,4.121280699855852737e-18,1.527137520898913081e+01,2.586694588772889158e+00,1.985429787007825553e+01,-1.258380991639706625e+00,2.391527867428365761e-01,1.514418180202181219e+01
6.000000000000000000e+00,4.223036278112720510e+01,1.570796326794896558e+00,4.105551017628999726e-18,1.526750596968987850e+01,3.120867831603876930e+00,1.843781322994679073e+01,-1.159912787457164418e+00,2.696790472154735330e-01,1.514524075880018472e+01
6.000000000000000000e+00,4.375692034224021398e+01,1.570796326794896558e+00,4.089879459580024549e-18,1.526364525257042359e+01,3.799743328566211886e+00,1.708474799810743505e+01,-1.049791653825736581e+00,2.963283331344900295e-01,1.514650713997827580e+01
6.000000000000000000e+00,4.528309225954301098e+01,1.570796326794896558e+00,4.074266239313840451e-18,1.525979309348548085e+01,4.629766505726097492e+00,1.581876790567141455e+01,-9.296262220612288019e-01,3.181955159398457411e-01,1.514807184772305249e+01
6.000000000000000000e+00,4.680887939061862824e+01,1.570796326794896558e+00,4.058711467298268440e-18,1.525594952802649118e+01,5.610479389459104738e+00,1.466552041449000043e+01,-8.013410324504810500e-01,3.349858338214111164e-01,1.514993612750830110e+01
6.000000000000000000e+00,4.833428259659605430e+01,1.570796326794896558e+00,4.043215180601851639e-18,1.525211459152195914e+01,6.733996046475176911e+00,1.365073995991442324e+01,-6.670130027332055178e-01,3.466086481633067207e-01,1.515200253444310974e+01
6.000000000000000000e+00,4.985930274212408619e+01,1.570796326794896558e+00,4.027777362710773072e-18,1.524828831903858983e+01,7.985199884339172272e+00,1.279810610106083679e+01,-5.288915469771245936e-01,3.526400087995783528e-01,1.515406041779522539e+01
6.000000000000000000e+00,5.138394069535807773e+01,1.570796326794896558e+00,4.012397958429621574e-18,1.524447074564141857e+01,9.342635333572804512e+00,1.212701277837332547e+01,-3.893662996449697711e-01,3.530633166737988660e-01,1.515581085398949313e+01
6.000000000000000000e+00,5.290819733150746629e+01,1.570796326794896558e+00,3.997077202138262773e-18,1.524066197734637029e+01,1.078027326404849795e+01,1.165093365602083786e+01,-2.504448058849882419e-01,3.497715997254862152e-01,1.515686766421271869e+01
6.000000000000000000e+00,5.443207441635964727e+01,1.570796326794896558e+00,3.981890493821070920e-18,1.523687971969717836e+01,1.226988068964169010e+01,1.137757201395053386e+01,-1.126991244044077967e-01,3.475675883215089135e-01,1.515673947072942340e+01
6.000000000000000000e+00,5.595576238832935445e+01,1.570796326794896558e+00,3.981890493821070920e-18,1.523687971969717836e+01,1.378289490077322554e+01,1.131086105875493253e+01,2.457334850327917014e-02,3.475675883215089135e-01,1.515673947072942340e+01
