6.000000000000000000e+00,-5.000000000000000000e+00,1.570796326794896558e+00,0.000000000000000000e+00,1.000000000000000000e+01,2.000000000000000000e+00,6.500000000000000000e+01,-1.570796326794896558e+00,0.000000000000000000e+00,2.000000000000000000e+01
6.000000000000000000e+00,-3.991441310034402612e+00,1.570796326794896558e+00,9.765875007010870377e-19,1.017117379931194776e+01,1.999908989039227203e+00,6.299790727397621737e+01,-1.570932676781835902e+00,-5.446400644772920931e-04,2.004185459493790233e+01
6.000000000000000000e+00,-2.967057654572845315e+00,1.570796326794896558e+00,9.420364683590565749e-19,1.031649930991919817e+01,1.999475173947155460e+00,6.099185513843929840e+01,-1.571035840570829123e+00,1.330196971596602775e-04,2.007918907494833149e+01
6.000000000000000000e+00,-1.929188097718882888e+00,1.570796326794896558e+00,3.766692898558537323e-19,1.044089182716005482e+01,1.999218402296353725e+00,5.898225789086212245e+01,-1.570734064512833372e+00,1.068059205125326989e-03,2.011275636336698369e+01
6.000000000000000000e+00,-8.797208923267059166e-01,1.570796326794896558e+00,-5.441654095869214465e-19,1.054845228068348462e+01,2.000044441458983968e+00,5.696945967008297629e+01,-1.569958424717858403e+00,2.014530896872473043e-03,2.014321245771601099e+01
6.000000000000000000e+00,1.798311834666318776e-01,1.570796326794896558e+00,-1.743207610902435503e-18,1.064258923518327293e+01,2.002896779167063990e+00,5.495374489834030385e+01,-1.568734598207105924e+00,2.842404645712339698e-03,2.017112585991473139e+01
6.000000000000000000e+00,1.248266797056536204e+00,1.570796326794896558e+00,-3.165330447601917491e-18,1.072612303661481192e+01,2.008598600939953904e+00,5.293534756507158789e+01,-1.567162187813710306e+00,3.389745246885178098e-03,2.019698603823123051e+01
6.000000000000000000e+00,2.324641675339298885e+00,1.570796326794896558e+00,-4.749015486688980700e-18,1.080137452904045503e+01,2.017682457732061785e+00,5.091445839888349667e+01,-1.565436055789646286e+00,3.443306188775733905e-03,2.022121061886050342e+01
6.000000000000000000e+00,3.408222423486555464e+00,1.570796326794896558e+00,-6.415275923956135482e-18,1.087024043390467654e+01,2.030172732079118081e+00,4.889122904309753892e+01,-1.563867628386573783e+00,2.758363429094742164e-03,2.024415171942610669e+01
6.000000000000000000e+00,4.498447304421988591e+00,1.570796326794896558e+00,-8.063692288805755831e-18,1.093425718480400377e+01,2.045337634667530047e+00,4.686577319137491315e+01,-1.562891028400708926e+00,1.099126783758303232e-03,2.026610234861173865e+01
6.000000000000000000e+00,5.594892900723360540e+00,1.570796326794896558e+00,-9.572051879665618724e-18,1.099465474122343522e+01,2.061451944709161044e+00,4.483816692184323216e+01,-1.563043581478813726e+00,-1.700523623004850625e-03,2.028730379548449037e+01
6.000000000000000000e+00,6.697245720761939580e+00,1.570796326794896558e+00,-1.079819427193855012e-17,1.105240165954816334e+01,2.075633592038877762e+00,4.280845387665105761e+01,-1.564909555279400122e+00,-5.653213788670388359e-03,2.030795397410305014e+01
6.000000000000000000e+00,7.805277927496875989e+00,1.570796326794896558e+00,-1.158325261554803431e-17,1.110824247515056484e+01,2.083841282141290385e+00,4.077666346439716705e+01,-1.569015142035162569e+00,-1.051084652852703021e-02,2.032821454265612005e+01
6.000000000000000000e+00,8.918826463400677085e+00,1.570796326794896558e+00,-1.175600428754821940e-17,1.116272824292542154e+01,2.081144545340560814e+00,3.874284768676322699e+01,-1.575664203376219152e+00,-1.564072931888007070e-02,2.034821188997472774e+01
6.000000000000000000e+00,1.003777492025704277e+01,1.570796326794896558e+00,-1.113927823370967020e-17,1.121624089420189208e+01,2.062394632536439953e+00,3.670712910522788519e+01,-1.584710588137877574e+00,-1.990378318605909649e-02,2.036802562957927165e+01
6.000000000000000000e+00,1.116203755977114653e+01,1.570796326794896558e+00,-9.561386624310857202e-18,1.126901189608016551e+01,2.023422258457260980e+00,3.466972698839852285e+01,-1.595275547153690798e+00,-2.156625621451541477e-02,2.038766040759320219e+01
6.000000000000000000e+00,1.229154493193239794e+01,1.570796326794896558e+00,-6.877139343066618606e-18,1.132113554714479164e+01,1.962852421851279061e+00,3.263090208377953161e+01,-1.605436853528185104e+00,-1.828242588712197456e-02,2.040700351392931822e+01
6.000000000000000000e+00,1.342623056501730261e+01,1.570796326794896558e+00,-3.001163804109639888e-18,1.137257711455328391e+01,1.884549976016572481e+00,3.059076862976651867e+01,-1.611935911264792631e+00,-7.183675984729526696e-03,2.042578057086618770e+01
6.000000000000000000e+00,1.456601821649443806e+01,1.570796326794896558e+00,2.052440186899474514e-18,1.142317591498942519e+01,1.800599678041608032e+00,2.854902863602306340e+01,-1.609964218094132704e+00,1.489914324591597866e-02,2.044353283852203162e+01
6.000000000000000000e+00,1.571080918059891296e+01,1.570796326794896558e+00,8.144514653673080982e-18,1.147264336710012600e+01,1.734609244211136714e+00,2.650495905160330778e+01,-1.593086581431734983e+00,5.108477779920809342e-02,2.045965275483567325e+01
6.000000000000000000e+00,1.686046914855777601e+01,1.570796326794896558e+00,1.502894697125958971e-17,1.152055599207706393e+01,1.725030668716892146e+00,2.445845837389192567e+01,-1.553329541708436068e+00,1.039641140653140006e-01,2.047352551259148612e+01
6.000000000000000000e+00,1.801481411317308812e+01,1.570796326794896558e+00,2.243229961911554988e-17,1.156634330022914270e+01,1.827949636870780825e+00,2.241357184105956435e+01,-1.481548772982809181e+00,1.745023167090143934e-01,2.048479976312957973e+01
6.000000000000000000e+00,1.917359480080260070e+01,1.570796326794896558e+00,3.017663211859857790e-17,1.160927045236109123e+01,2.117535854291456410e+00,2.038631573162488664e+01,-1.368715134014016677e+00,2.588627657120829428e-01,2.049367934434677352e+01
6.000000000000000000e+00,2.033647909801068465e+01,1.570796326794896558e+00,3.828055374792422514e-17,1.164841549180055225e+01,2.678893995654099136e+00,1.841720272291494354e+01,-1.209557785764436622e+00,3.430559383775816928e-01,2.050094871265663699e+01
6.000000000000000000e+00,2.150303191074806008e+01,1.570796326794896558e+00,4.691474501123827581e-17,1.168264076294699194e+01,3.584604536879645309e+00,1.658145899311524474e+01,-1.009751875327244974e+00,4.000680297528397822e-01,2.050752896586974572e+01
6.000000000000000000e+00,2.267269183980224057e+01,1.570796326794896558e+00,5.596985191923535294e-17,1.171055781813667096e+01,4.859601613302475975e+00,1.497861514519479975e+01,-7.854604171444278249e-01,4.240824939027704743e-01,2.054052091995547613e+01
6.000000000000000000e+00,2.384474396186250189e+01,1.570796326794896558e+00,6.407900098537234981e-17,1.173048462306853779e+01,6.462291081842197471e+00,1.369835246131738948e+01,-5.670982783676313810e-01,3.794666249295631233e-01,2.056639739308018022e+01
6.000000000000000000e+00,2.501828785156776291e+01,1.570796326794896558e+00,6.862198687746566464e-17,1.174039317103666491e+01,8.294562687768593179e+00,1.276913298233856864e+01,-3.763613073269213571e-01,3.305684257266811588e-01,2.058449412570684700e+01
6.000000000000000000e+00,2.619219974493942260e+01,1.570796326794896558e+00,6.866634450958598828e-17,1.173784469639661765e+01,1.026393555313410388e+01,1.217661484654604287e+01,-2.123201140430213685e-01,2.863758485649837149e-01,2.059320279837610457e+01
6.000000000000000000e+00,2.736508740727529343e+01,1.570796326794896558e+00,6.721528051555092094e-17,1.171990855032060352e+01,1.230167375895965343e+01,1.189396291885388912e+01,-6.463913292315387471e-02,2.723719916307155153e-01,2.058917104541723830e+01
6.000000000000000000e+00,2.853707826230735023e+01,1.570796326794896558e+00,6.721528051555092094e-17,1.171990855032060352e+01,1.435876406614734790e+01,1.190886943833250555e+01,7.913169897016646137e-02,2.723719916307155153e-01,2.058917104541723830e+01
