6.000000000000000000e+00,-5.000000000000000000e+00,1.570796326794896558e+00,0.000000000000000000e+00,1.500000000000000000e+01,2.000000000000000000e+00,6.500000000000000000e+01,-1.570796326794896558e+00,0.000000000000000000e+00,1.500000000000000000e+01
5.999579258498684453e+00,-3.607783565363789080e+00,1.571714555032945215e+00,5.416096566118642000e-03,1.284433100067760236e+01,2.002547668156139604e+00,6.320495453714875111e+01,-1.566656530294521010e+00,1.749056963922680091e-02,2.090097309619302735e+01
5.997645849248012695e+00,-2.357159781242047281e+00,1.572748088069302108e+00,1.156793248454380477e-03,1.216817571805661302e+01,2.023652415862783993e+00,6.098202093854787620e+01,-1.555470074080237186e+00,2.265723939776656537e-02,2.355993484767289203e+01
5.995154980309244763e+00,-1.141168762049466379e+00,1.572862218393940914e+00,-4.062851338408757099e-04,1.215169570639403673e+01,2.078180693603828288e+00,5.857687722231379013e+01,-1.540266050737860937e+00,2.785424065814775391e-02,2.455576417700932268e+01
5.992684039479006408e+00,8.417446244171712666e-02,1.572776300576054220e+00,-1.553471517726600476e-04,1.235521861826587298e+01,2.173124410534476691e+00,5.611293884531126963e+01,-1.524900365476455466e+00,2.199573370975829723e-02,2.476006032218357689e+01
5.990235681411483881e+00,1.330302548682589459e+00,1.572754848377181824e+00,1.713728320567158635e-05,1.256739121169587747e+01,2.299682559074847088e+00,5.364645168326543256e+01,-1.515583064615123599e+00,8.170462096273870684e-03,2.463475979707531849e+01
5.987778583176034175e+00,2.594005115546946350e+00,1.572709708819256758e+00,-3.023104292551194298e-04,1.270670790281497986e+01,2.437191850861061049e+00,5.119802550107378636e+01,-1.515420959623089869e+00,-7.665733728040062360e-03,2.441093471887715083e+01
5.985446247156859023e+00,3.867317129001636378e+00,1.572512832968120389e+00,-9.341870952730980645e-04,1.275957512968256324e+01,2.562699258657359813e+00,4.877103894872399081e+01,-1.524219794403752548e+00,-2.131664392090735702e-02,2.419381604501204208e+01
5.983492882487191800e+00,5.142442346830200073e+00,1.572107900937095515e+00,-1.606454942280291986e-03,1.274295932551535060e+01,2.657089581709695114e+00,4.636207007925679591e+01,-1.540037895114091615e+00,-3.117238702626866365e-02,2.402303582074754473e+01
5.982181474807975796e+00,6.413749591167216657e+00,1.571523063948938814e+00,-2.074129595285728773e-03,1.268319945168640217e+01,2.706952349728405594e+00,4.396616013666955780e+01,-1.560547160429232916e+00,-3.727051944826841740e-02,2.390637959526120682e+01
5.981685160799431245e+00,7.678165839103888501e+00,1.570848236134961828e+00,-2.195644625538294842e-03,1.260512793505817797e+01,2.704184657688296411e+00,4.157898547676552425e+01,-1.583646268140252111e+00,-4.010108396000901937e-02,2.383820723058004631e+01
5.982040245690464886e+00,8.934797227370850692e+00,1.570189707716801886e+00,-1.996484973658767953e-03,1.252750128784290595e+01,2.645186877580909979e+00,3.919741812946859483e+01,-1.607450966227272460e+00,-3.979304745793636050e-02,2.380887778678477673e+01
5.983166381679907886e+00,1.018427372616748627e+01,1.569617550063719280e+00,-1.666564465326035235e-03,1.246203917885363666e+01,2.530672341634687239e+00,3.681935619388291769e+01,-1.629990250004646146e+00,-3.590535725620740831e-02,2.380848107920392920e+01
5.984942832625556264e+00,1.142808818578243901e+01,1.569128320330501980e+00,-1.479951487396412475e-03,1.241427563335374629e+01,2.366364290439836093e+00,3.444316875079309170e+01,-1.648827442272775112e+00,-2.734229443607662929e-02,2.382945281807341331e+01
5.987308421434169858e+00,1.266805047527752670e+01,1.568638353836933952e+00,-1.681289558349479156e-03,1.238501553512261211e+01,2.164610453113302135e+00,3.206709873751319861e+01,-1.660705274401993226e+00,-1.250310114207739062e-02,2.386323337093248398e+01
5.990347056868742470e+00,1.390587171917154130e+01,1.568007943292265560e+00,-2.393145623988066680e-03,1.237148434662389107e+01,1.946656217755354579e+00,2.968857809853662033e+01,-1.661383930297799960e+00,1.022324901706707541e-02,2.390648991881665353e+01
5.994332876242895125e+00,1.514293466279008626e+01,1.567077180484314880e+00,-3.626008562326946301e-03,1.236990384417619993e+01,1.745411985277190103e+00,2.730413392468437195e+01,-1.645277234651037146e+00,4.359526724181231327e-02,2.395247049618731694e+01
5.999680481100119422e+00,1.638026402070662613e+01,1.565829856162901823e+00,-4.438417528551980885e-03,1.237691603614877067e+01,1.609997110881853821e+00,2.491063998214277220e+01,-1.604450185990116573e+00,9.238505348430003927e-02,2.399731830842227964e+01
6.006775346969842388e+00,1.761844612709022329e+01,1.564226234063002652e+00,-5.922251480770960273e-03,1.238713528584632684e+01,1.607284879242183440e+00,2.250974878078505270e+01,-1.534677055173216953e+00,1.389674184669505430e-01,2.403030351364918715e+01
6.016783502875979295e+00,1.885800404714952094e+01,1.560632959889897808e+00,-1.726367367400189617e-02,1.240484470900138803e+01,1.815612244803080921e+00,2.011673181210033334e+01,-1.424473920309916819e+00,2.236188949650209923e-01,2.403545518790217272e+01
6.034205652760331162e+00,2.009882982334453416e+01,1.551681562706685558e+00,-4.042146495939839823e-02,1.241420065099765324e+01,2.350848625629348820e+00,1.777722275459656487e+01,-1.256870787165846881e+00,3.201510221598126704e-01,2.401994961469902989e+01
6.065689332612695495e+00,2.133997856090604017e+01,1.539219082854558440e+00,-3.983777131083761358e-02,1.241691983611053374e+01,3.329459650268831172e+00,1.558983270483595618e+01,-1.036031490974202329e+00,3.846319317852710529e-01,2.400403459089883285e+01
6.110277157477003840e+00,2.258175360905907070e+01,1.532466940341488115e+00,-3.631077297891818333e-03,1.243463529636104070e+01,4.808375884561346680e+00,1.370720836147689603e+01,-7.640235078698884852e-01,4.656742124277636896e-01,2.402489915203421589e+01
6.152255327157212683e+00,2.382457336961403271e+01,1.546737381780330711e+00,9.529505825992587442e-02,1.243616198123612904e+01,6.766322197400165273e+00,1.232181085060493331e+01,-4.705278783898046990e-01,4.418249867878877857e-01,2.411803257807140000e+01
6.167556689155007099e+00,2.506712037776105007e+01,1.567130503734350810e+00,3.574941355021456213e-02,1.241709894304852568e+01,9.043474114719261436e+00,1.153008254688261225e+01,-2.056500174840520390e-01,3.839588250953420157e-01,2.424046466209183848e+01
6.167252196980018475e+00,2.630707142325683279e+01,1.573320803883484054e+00,4.165973032838174786e-03,1.238196396718818093e+01,1.145990984930927503e+01,1.131182400292706269e+01,1.836434220961657982e-02,3.220624383676092273e-01,2.438662666684088265e+01
6.164983109634202485e+00,2.754110715475907156e+01,1.570618657667404161e+00,-2.171103433656451642e-02,1.229880098266878719e+01,1.388770892159851833e+01,1.158119371460341362e+01,1.928923131753317866e-01,2.337305232158833623e-01,2.452944818359362600e+01
6.167802067974506031e+00,2.876779405593449113e+01,1.567588609317172255e+00,1.972328035223646671e-03,1.223501210987164356e+01,1.625695212457745598e+01,1.222013147472658723e+01,3.313769592138504638e-01,2.099504608058560262e-01,2.458751020839247659e+01
6.171328899780045063e+00,2.998488402263579999e+01,1.568218474840023635e+00,2.168133214998640024e-03,1.210688982540881753e+01,1.853855545428405804e+01,1.313464208575489955e+01,4.155628603748831584e-01,6.176481743251265727e-02,2.458841998736612666e+01
6.174037443365448574e+00,3.119106250616518494e+01,1.568888482713996169e+00,2.275821326928057897e-03,1.201674111825111524e+01,2.076630596926007399e+01,1.416747367402775737e+01,4.522600334991175863e-01,5.764222638918724967e-02,2.452487847328540838e+01
6.175919257061901924e+00,3.239273512113057052e+01,1.569572182787301262e+00,2.275821326928057897e-03,1.201674111825111524e+01,2.295280730184768458e+01,1.527800559728593832e+01,4.876409429562953424e-01,5.764222638918724967e-02,2.452487847328540838e+01
