6.000000000000000000e+00,-5.000000000000000000e+00,1.570796326794896558e+00,0.000000000000000000e+00,1.000000000000000000e+01,2.000000000000000000e+00,6.500000000000000000e+01,-1.570796326794896558e+00,0.000000000000000000e+00,2.000000000000000000e+01
5.999925049244983377e+00,-3.965608259427645166e+00,1.571012494778634583e+00,1.653519830809008174e-03,1.068783490883964404e+01,2.000424927791633500e+00,6.298096249944141789e+01,-1.570165937961386371e+00,2.489950959963647091e-03,2.038075161927068280e+01
5.999406779029291314e+00,-2.872742935013126164e+00,1.571560442812636849e+00,2.352433297231012934e-03,1.116947431138200386e+01,2.003202274672385652e+00,6.092744763942313568e+01,-1.568639111503516093e+00,3.455752843342770053e-03,2.068958714122675957e+01
5.998162490478608611e+00,-1.739409894873382267e+00,1.572228533366940795e+00,2.363436546908211002e-03,1.149720057402722873e+01,2.009855999474256194e+00,5.884594628578926034e+01,-1.566420568781915046e+00,5.067609947127920192e-03,2.094066118300379031e+01
5.996127838503091390e+00,-5.789785778290498230e-01,1.572849256671461138e+00,1.917182710262748486e-03,1.171146181438867728e+01,2.022055810343985627e+00,5.674167727956260876e+01,-1.563488295953268103e+00,6.078344023289221527e-03,2.114544132456437353e+01
5.993420298879500230e+00,5.987564397270233041e-01,1.573305127227194733e+00,1.180772066241894853e-03,1.184330098600016257e+01,2.040951271753596696e+00,5.461883120965085681e+01,-1.560323049539160234e+00,5.849650693102106599e-03,2.131317965071726661e+01
5.990285935540693885e+00,1.786734042114973775e+00,1.573518644035134306e+00,2.580187661433020071e-04,1.191633380510383589e+01,2.066367273574228669e+00,5.248075744660395969e+01,-1.557645810944828790e+00,4.168747879029086056e-03,2.145132958380521870e+01
5.987054175182178639e+00,2.979963897142252183e+00,1.573438464773303069e+00,-7.951069897905680426e-04,1.194835083276069909e+01,2.096443243846186633e+00,5.033010681106416229e+01,-1.556266740837253915e+00,9.634511988499178028e-04,2.156589241978647209e+01
5.984107330911357714e+00,4.175008184500148545e+00,1.573028476062929615e+00,-1.949406668661109437e-03,1.195260774951346860e+01,2.127494362461804123e+00,4.816895058245849270e+01,-1.557014813678475162e+00,-3.728849942938314028e-03,2.166169449468593911e+01
5.981861800703055287e+00,5.369579336338354381e+00,1.572262431014150419e+00,-3.180984615913705002e-03,1.193885808463388543e+01,2.154034881412074220e+00,4.599889925203938645e+01,-1.560658039616271697e+00,-9.697118031369399496e-03,2.174260231806137256e+01
5.980754066435522098e+00,6.562230375229407109e+00,1.571124712133467272e+00,-4.450940725083198796e-03,1.191417427064592971e+01,2.169021083490869195e+00,4.382124104752710991e+01,-1.567787596102181435e+00,-1.648866315852206763e-02,2.181168574414893868e+01
5.981223881625283845e+00,7.752118670809210244e+00,1.569617017210410914e+00,-5.686214233446737834e-03,1.188359575214324337e+01,2.164393031346900642e+00,4.163710539010906331e+01,-1.578668089242099226e+00,-2.335530550405270911e-02,2.187134137857380978e+01
5.983687546133602986e+00,8.938827567569727961e+00,1.567770270238699304e+00,-6.763630438071734780e-03,1.185063670420634097e+01,2.131984894865914359e+00,3.944762764732563909e+01,-1.593060673242103986e+00,-2.921209001165653990e-02,2.192338850581208476e+01
5.988495905661814334e+00,1.012223343384897056e+01,1.565659560051023025e+00,-7.505065928028605352e-03,1.181768038587046377e+01,2.064858844959696071e+00,3.725405402828250345e+01,-1.610026554127387710e+00,-3.261212933435200800e-02,2.196914699295994922e+01
5.995876014300306700e+00,1.130240824215636408e+01,1.563417093598604701e+00,-7.695335810404635088e-03,1.178628222941320303e+01,1.959091688640816509e+00,3.505769535480754229e+01,-1.627724283896149648e+00,-3.175252175737647287e-02,2.200950382402051986e+01
6.005862678693499213e+00,1.247954974446999721e+01,1.561236316804825774e+00,-7.124453032346605638e-03,1.175739971876074819e+01,1.815998876831543818e+00,3.285964618856616681e+01,-1.643219599790068264e+00,-2.451125305179564784e-02,2.204497552690821038e+01
6.018233250742341944e+00,1.365393261133307767e+01,1.559362448659212141e+00,-5.639072340882374593e-03,1.173156409847329940e+01,1.644766723607825387e+00,3.066027180807149932e+01,-1.652284675335117026e+00,-8.362523798586785420e-03,2.207577685524409361e+01
6.032461681940050724e+00,1.482587470196411417e+01,1.558069383749649983e+00,-3.186245821163872886e-03,1.170900675154992854e+01,1.465638881384930148e+00,2.845866381695475411e+01,-1.649061616799407437e+00,2.002908117351897763e-02,2.210191173192640690e+01
6.047705063845238982e+00,1.599571328441046880e+01,1.557627469290407962e+00,1.653726165068626522e-04,1.168975128197297764e+01,1.314157736133241938e+00,2.625264962444529360e+01,-1.625479213999389216e+00,6.521489383620369951e-02,2.212331180654949492e+01
6.062828165709077233e+00,1.716378693363862951e+01,1.558270998461639190e+00,4.242635731763207130e-03,1.167368004145346916e+01,1.243032682066755656e+00,2.404087072830606076e+01,-1.575927845846934572e+00,1.133841412996535597e-01,2.213968195225568536e+01
6.076459870544057118e+00,1.833042014940558673e+01,1.560175937825839076e+00,8.819934547125393362e-03,1.166058059394112334e+01,1.310106713259306499e+00,2.182831744523238271e+01,-1.501119736578630848e+00,1.552464843968972552e-01,2.214205336092071263e+01
6.086834230499118981e+00,1.949591173917383102e+01,1.564049079121019759e+00,1.776404211501426272e-02,1.165018931347258757e+01,1.579638960663378056e+00,1.963189916406755131e+01,-1.387063351700068337e+00,2.508623357029914902e-01,2.213990823549654152e+01
6.091091502386092316e+00,2.066061537805477144e+01,1.570738749349818830e+00,2.817731646555955011e-02,1.164408266123333036e+01,2.158252319754718318e+00,1.749783199924141996e+01,-1.214715134477557523e+00,3.523673063817916451e-01,2.213727658462939729e+01
6.086349654482136273e+00,2.182479670002731709e+01,1.579029201598310284e+00,2.877686103686858538e-02,1.163980359967476730e+01,3.147016327006092240e+00,1.552241250285364949e+01,-9.924010062969246260e-01,4.113795973902705794e-01,2.213501361265628020e+01
6.072149137875659797e+00,2.298854771514142215e+01,1.586748244618700454e+00,2.426953659731341528e-02,1.163700725323760565e+01,4.570909902912662304e+00,1.383493573964121914e+01,-7.456409487676499692e-01,4.274884716471732404e-01,2.213625712391188216e+01
6.049873053037204684e+00,2.415194787056460157e+01,1.592796933457796271e+00,1.730962643285795244e-02,1.163529629839523238e+01,6.369887069913534816e+00,1.255115027533780214e+01,-4.943344052413183864e-01,4.242695536488121921e-01,2.218173761773879704e+01
6.021742509295380685e+00,2.531508141194769479e+01,1.596818726231986840e+00,1.034206264328312030e-02,1.163419269407841128e+01,8.432858238915379445e+00,1.174472133229641990e+01,-2.546010724063078046e-01,3.910508835416098283e-01,2.222431504474293718e+01
5.990060067797919885e+00,2.647801662815301071e+01,1.598957852645452649e+00,4.367438843552938835e-03,1.163314592434476324e+01,1.062915848111104467e+01,1.142354421922362739e+01,-4.098090259454856277e-02,3.424822350025812923e-01,2.225341584208319290e+01
5.956862341458828425e+00,2.764081259595154805e+01,1.599464690133326927e+00,-8.819119763868989376e-04,1.163224971050082601e+01,1.284930548703536779e+01,1.153599908590088852e+01,1.346746345425311187e-01,2.687667749153548891e-01,2.226369824691868615e+01
5.923551535491287545e+00,2.880769269485580963e+01,1.599205727892152540e+00,-8.927680589755597343e-04,1.171485959775013797e+01,1.502460226459676385e+01,1.200209766650298526e+01,2.872154218261567249e-01,2.661154477147580910e-01,2.227290179365766676e+01
5.890427888320286520e+00,2.997871027377149389e+01,1.598944261511079601e+00,-8.927680589755597343e-04,1.171485959775013797e+01,1.710467192295939043e+01,1.279242392274132634e+01,4.389943985977604601e-01,2.661154477147580910e-01,2.227290179365766676e+01
