6.000000000000000000e+00,-5.000000000000000000e+00,1.570796326794896558e+00,0.000000000000000000e+00,1.000000000000000000e+01,2.000000000000000000e+00,6.500000000000000000e+01,-1.570796326794896558e+00,0.000000000000000000e+00,2.000000000000000000e+01
6.000000000000000000e+00,-3.978293557721746421e+00,1.570796326794896558e+00,1.239159862285229160e-18,1.043412884556508047e+01,1.999966895613356721e+00,6.298964340279142959e+01,-1.570845685125704660e+00,-1.960795108931828929e-04,2.020713195397814133e+01
6.000000000000000000e+00,-2.918602991160564208e+00,1.570796326794896558e+00,1.538081240713449960e-19,1.075968248565857266e+01,1.999905013506533935e+00,6.096052482343931445e+01,-1.570739509802815403e+00,6.135682002614460890e-04,2.037523967577726580e+01
6.000000000000000000e+00,-1.830458648784025089e+00,1.570796326794896558e+00,-1.875340636902132997e-18,1.100320436187221418e+01,2.000527157519477406e+00,5.891612655324718872e+01,-1.570153961219838523e+00,1.676567787069594946e-03,2.051272821399283686e+01
6.000000000000000000e+00,-7.210321007658280212e-01,1.570796326794896558e+00,-4.404501484997904740e-18,1.118532659849172717e+01,2.002956724424908241e+00,5.685917275658810155e+01,-1.568968842730647184e+00,2.931482087762861660e-03,2.062637883561464491e+01
6.000000000000000000e+00,4.043335241179589201e-01,1.570796326794896558e+00,-7.240673517904959461e-18,1.132198589918401055e+01,2.008532143651221791e+00,5.479177964734910944e+01,-1.567118507190733201e+00,4.227536332728357507e-03,2.072163962054194286e+01
6.000000000000000000e+00,1.541703074988521882e+00,1.570796326794896558e+00,-1.023300808995914011e-17,1.142540511822724980e+01,2.018632106492312062e+00,5.271557944661422823e+01,-1.564655425172588377e+00,5.262332458175521602e-03,2.080286622318176626e+01
6.000000000000000000e+00,2.688217496498166437e+00,1.570796326794896558e+00,-1.321574839766987849e-17,1.150488331196564573e+01,2.034349928145948283e+00,5.063182014897834904e+01,-1.561820280639606207e+00,5.621773049278109419e-03,2.087351926917790479e+01
6.000000000000000000e+00,3.841833141058244472e+00,1.570796326794896558e+00,-1.599687507670264974e-17,1.156742957923592385e+01,2.056041730411419355e+00,4.854144107870194347e+01,-1.559087622507567383e+00,4.835996923366345582e-03,2.093632604123609298e+01
6.000000000000000000e+00,5.001118107256779410e+00,1.570796326794896558e+00,-1.836121963263974081e-17,1.161826974473479268e+01,2.082808443283096889e+00,4.644512522582546410e+01,-1.557177647114409202e+00,2.453337549813495392e-03,2.099341499086964546e+01
6.000000000000000000e+00,6.165094080775301855e+00,1.570796326794896558e+00,-2.007944268372343654e-17,1.166124972563567397e+01,2.111993976753200553e+00,4.434333552914957011e+01,-1.557022621025409892e+00,-1.861508846936920768e-03,2.104643165411022920e+01
6.000000000000000000e+00,7.333114321024728710e+00,1.570796326794896558e+00,-2.092052987370537793e-17,1.169915507935288090e+01,2.138809502648828520e+00,4.223635312297427191e+01,-1.559674220134390055e+00,-8.202890449875866602e-03,2.109664181243164904e+01
6.000000000000000000e+00,8.504770205793677817e+00,1.570796326794896558e+00,-2.066718545983378869e-17,1.173396261602608348e+01,2.156225063190407187e+00,4.012434552112356556e+01,-1.566137107354804270e+00,-1.627234390866129365e-02,2.114502033555226035e+01
6.000000000000000000e+00,9.679820184234671387e+00,1.570796326794896558e+00,-1.913408439265648532e-17,1.176703695279380568e+01,2.155303041025410593e+00,3.800748970776767521e+01,-1.577114905746938911e+00,-2.520507649597300906e-02,2.119231320108784900e+01
6.000000000000000000e+00,1.085813615125634790e+01,1.570796326794896558e+00,-1.618894533897060336e-17,1.179928238763972459e+01,2.126174937467239623e+00,3.588614276087643873e+01,-1.592663409899442772e+00,-3.340502527446830017e-02,2.123905309544170450e+01
6.000000000000000000e+00,1.203966319037385979e+01,1.570796326794896558e+00,-1.177554925575672910e-17,1.183125839471054874e+01,2.059855031489723043e+00,3.376098119599482317e+01,-1.611770926924693592e+00,-3.845466141853554065e-02,2.128551673147956791e+01
6.000000000000000000e+00,1.322438937614747978e+01,1.570796326794896558e+00,-5.935889075438697600e-18,1.186326532076186879e+01,1.951001366185739716e+00,3.163294180192725591e+01,-1.631922104395693962e+00,-3.716444959720419106e-02,2.133163677378668410e+01
6.000000000000000000e+00,1.441232291394450016e+01,1.570796326794896558e+00,1.174344463887447888e-18,1.189540543517853877e+01,1.801575808643792742e+00,2.950277408512391020e+01,-1.648718482796308171e+00,-2.574280615393288729e-02,2.137691008300681261e+01
6.000000000000000000e+00,1.560347435084690915e+01,1.570796326794896558e+00,9.286097909842969590e-18,1.192762330286960548e+01,1.625222440995049533e+00,2.737019410060264590e+01,-1.655587690449334737e+00,5.599474010177865613e-05,2.142036607236075696e+01
6.000000000000000000e+00,1.679784193910649748e+01,1.570796326794896558e+00,1.804352802924176388e-17,1.195972846232221443e+01,1.452254314434444193e+00,2.523314389281700088e+01,-1.643514088871042667e+00,4.496439257826767566e-02,2.146068387734771932e+01
6.000000000000000000e+00,1.799539848968371203e+01,1.570796326794896558e+00,2.706108454170957271e-17,1.199140254922214766e+01,1.335422824554583165e+00,2.308862675658708596e+01,-1.600703857921312423e+00,1.140686952023469009e-01,2.149658153420091367e+01
6.000000000000000000e+00,1.919607822952262666e+01,1.570796326794896558e+00,3.599849566509193800e-17,1.202219224755609162e+01,1.356243055776420681e+00,2.093821911781122225e+01,-1.512679373213654088e+00,2.101286970408790533e-01,2.152755162345396656e+01
6.000000000000000000e+00,2.039976227658462804e+01,1.570796326794896558e+00,4.462196063724149699e-17,1.205148869368377618e+01,1.627681065591146892e+00,1.880326120918709165e+01,-1.364905872081424665e+00,3.248674915521435058e-01,2.155461324509072796e+01
6.000000000000000000e+00,2.160626136601822722e+01,1.570796326794896558e+00,5.281630860964602785e-17,1.207849309498815416e+01,2.278899131324413130e+00,1.675149736955466295e+01,-1.151137886293412294e+00,4.293022758270051420e-01,2.158014683161635361e+01
6.000000000000000000e+00,2.281529438121946285e+01,1.570796326794896558e+00,6.052876725666061348e-17,1.210216720903654064e+01,3.400995270130988235e+00,1.491385432535067679e+01,-8.890438494047409046e-01,4.745038790707969412e-01,2.160625517567638099e+01
6.000000000000000000e+00,2.402646103064803995e+01,1.570796326794896558e+00,6.763641912310293688e-17,1.212116577953498364e+01,4.980946577331589964e+00,1.344137173621291481e+01,-6.116404019401557868e-01,4.721029526887279282e-01,2.172723464446132624e+01
6.000000000000000000e+00,2.523920661075094074e+01,1.570796326794896558e+00,7.372608879666184348e-17,1.213374582252290779e+01,6.902594129573130566e+00,1.242927604117328322e+01,-3.696839267709644550e-01,3.636914179697716687e-01,2.181657006338664218e+01
6.000000000000000000e+00,2.645277612919560184e+01,1.570796326794896558e+00,7.784360575942987598e-17,1.213764454637026091e+01,9.003126117630555925e+00,1.184078813961322041e+01,-1.839526639727694368e-01,2.916692137491196934e-01,2.187444844407544053e+01
6.000000000000000000e+00,2.766615402566906923e+01,1.570796326794896558e+00,7.818215507573294135e-17,1.212991338309908684e+01,1.117712022443751430e+01,1.160461922302371995e+01,-3.880772559037945491e-02,2.267370634126000539e-01,2.189968666899989813e+01
6.000000000000000000e+00,2.887798418348862128e+01,1.570796326794896558e+00,7.652445976457478669e-17,1.210668977329193652e+01,1.336458490872325733e+01,1.165501678633301630e+01,8.358402498193082120e-02,2.132306887021964414e-01,2.188854377664569029e+01
6.000000000000000000e+00,3.008865316081782026e+01,1.570796326794896558e+00,7.652445976457478669e-17,1.210668977329193652e+01,1.552988462839279293e+01,1.196639804598361323e+01,2.020679389612272669e-01,2.132306887021964414e-01,2.188854377664569029e+01
