6.000000000000000000e+00,-5.000000000000000000e+00,1.570796326794896558e+00,0.000000000000000000e+00,1.000000000000000000e+01,2.000000000000000000e+00,6.500000000000000000e+01,-1.570796326794896558e+00,0.000000000000000000e+00,2.000000000000000000e+01
5.999785797682164912e+00,-3.950988900660822534e+00,1.571404120331507226e+00,4.564077054472926755e-03,1.098022276995594559e+01,2.000748833461792220e+00,6.296092993994987097e+01,-1.569698122472978463e+00,4.281289600418405721e-03,2.078140614059034164e+01
5.998391497293176222e+00,-2.823793659539895806e+00,1.572648730769380609e+00,4.271706895881430786e-03,1.156370075446977275e+01,2.005755419791763750e+00,6.085330561332610699e+01,-1.566995330627549032e+00,5.969813410577283139e-03,2.137121217886846836e+01
5.995606919907934262e+00,-1.651534129512544524e+00,1.573592435238752030e+00,2.177954600427024247e-03,1.188155686626384089e+01,2.017705823353698857e+00,5.869398945824031699e+01,-1.563407461034005852e+00,7.317766992886316421e-03,2.181579547771342220e+01
5.992021954675396778e+00,-4.561136236094443519e-01,1.573875754744588074e+00,-2.769555642031643387e-04,1.202696085046362207e+01,2.038401927612710107e+00,5.649576886853436264e+01,-1.559341028862555323e+00,7.479881223876452823e-03,2.215059509119857495e+01
5.988498591939110938e+00,7.484817752336143659e-01,1.573454041247527524e+00,-2.522544043167033144e-03,1.206505036844463241e+01,2.068237986027443132e+00,5.426831016274228858e+01,-1.555607795669024185e+00,5.929672193841699183e-03,2.240260117812397311e+01
5.985866763599620555e+00,1.953755315539776882e+00,1.572411668090539338e+00,-4.396795474636413723e-03,1.204047900268456139e+01,2.105414646031375625e+00,5.201887182559082135e+01,-1.553263497694457262e+00,2.411438319020637721e-03,2.259231978717046729e+01
5.984809385666514991e+00,3.154934211526624566e+00,1.570866576087227573e+00,-5.894803023960463496e-03,1.198311061789748599e+01,2.145531381919698166e+00,4.975284578086294118e+01,-1.553439186565225727e+00,-3.025876038974805414e-03,2.273530300032778229e+01
5.985845241217957913e+00,4.349702989182966384e+00,1.568935143428213719e+00,-7.038734227239423942e-03,1.191227763199801437e+01,2.181611570284704094e+00,4.747420093494029203e+01,-1.557149665930877003e+00,-9.993710359719087249e-03,2.284333316697406246e+01
5.989341677700243061e+00,5.537308320786249460e+00,1.566731268624765860e+00,-7.807545291814778875e-03,1.183993674633205195e+01,2.204596194535146658e+00,4.518588917441586972e+01,-1.565098120764825795e+00,-1.778624633343028894e-02,2.292533176549717666e+01
5.995517901935325078e+00,6.717937989734850568e+00,1.564384942972470993e+00,-8.090975089289924663e-03,1.177298514358364123e+01,2.204282635232886811e+00,4.289023507492708376e+01,-1.577497610718654464e+00,-2.541338001074313485e-02,2.298804539988580586e+01
6.004417401898761497e+00,7.892300312470859502e+00,1.562072867392852560e+00,-7.658225832868242530e-03,1.171494095132109159e+01,2.170667015783258158e+00,4.058927672967991640e+01,-1.593906753819936073e+00,-3.161357826112954489e-02,2.303654905322069624e+01
6.015838869688567847e+00,9.061348594793230404e+00,1.560053776003363701e+00,-6.156859367202805258e-03,1.166714450783400459e+01,2.095668343957272750e+00,3.828497462813587759e+01,-1.613068723388781267e+00,-3.485066224047125155e-02,2.307460208985947503e+01
6.029226824167773557e+00,1.022610885081357956e+01,1.558697026227598093e+00,-3.159494228970680628e-03,1.162960119552882965e+01,1.975221802327241205e+00,3.597918080903886562e+01,-1.632755970384715649e+00,-3.333444133171695883e-02,2.310489425340133351e+01
6.043537154372783604e+00,1.138757871045480918e+01,1.558493045872032745e+00,1.756601179721089569e-03,1.160155916213621730e+01,1.811678698210581695e+00,3.367329486195865940e+01,-1.649658233522083517e+00,-2.514278216877089897e-02,2.312922188144501234e+01
6.057101432407337782e+00,1.254667186173181292e+01,1.560042643010374652e+00,8.939786591455568462e-03,1.158189355677803611e+01,1.616352989572720888e+00,3.136767031348503210e+01,-1.659345095302268147e+00,-8.346784837510057287e-03,2.314863139143103155e+01
6.067510813039104889e+00,1.370418654729981967e+01,1.564032384044386159e+00,1.863340197584377814e-02,1.156935171915021421e+01,1.412130007932557163e+00,2.906108551060081169e+01,-1.656209600582907671e+00,1.917559020665461286e-02,2.316355605341019697e+01
6.071528998652628850e+00,1.486077965163273440e+01,1.571207715549985506e+00,3.098737046299242931e-02,1.156269979299515960e+01,1.236449021647612057e+00,2.675093152642203975e+01,-1.633225041789230891e+00,6.013258651515390046e-02,2.317396974871790860e+01
6.065030282506125303e+00,1.601693046331978110e+01,1.582356801769829069e+00,4.611796891832924822e-02,1.156080179883994852e+01,1.143609730527533008e+00,2.443534956714584538e+01,-1.583586385237312877e+00,1.107504248591651974e-01,2.317966296001305437e+01
6.042973955885334369e+00,1.717288041413508637e+01,1.598241109199626031e+00,6.367789498310526264e-02,1.156264884182647101e+01,1.198057690812579512e+00,2.211893714111306153e+01,-1.506918041222384597e+00,1.523299670482596291e-01,2.317275164706597224e+01
5.999946842464574104e+00,1.832855488757106954e+01,1.618331018187393111e+00,7.506788154334166629e-02,1.156724372083393781e+01,1.467321598155469919e+00,1.981974690687772878e+01,-1.393185970284751551e+00,2.353504783166392167e-01,2.315035093012699718e+01
5.932428848421557710e+00,1.948374588403821761e+01,1.639991242541614103e+00,7.439756279558280838e-02,1.157645754864794974e+01,2.054738927290795214e+00,1.758463671412360085e+01,-1.224216831668675232e+00,3.326134277219487401e-01,2.312500126523953980e+01
5.840155277082266672e+00,2.063827782598427873e+01,1.660875652412905135e+00,6.960357870014584336e-02,1.158823263993683561e+01,3.063661659967902295e+00,1.551021011633066493e+01,-1.005651085269853473e+00,3.904109988849983615e-01,2.310230617658760366e+01
5.728563283577006615e+00,2.179265786843901509e+01,1.669644825260503396e+00,-9.142665408322807330e-03,1.160707418651929324e+01,4.524750212432951280e+00,1.372987973396183925e+01,-7.581606402674671008e-01,4.196001541416858882e-01,2.307784181679362945e+01
5.620638351953716416e+00,2.295109585996898005e+01,1.653112189350220529e+00,-1.042525192596385902e-01,1.166229317433833224e+01,6.388102150528550460e+00,1.238068458195779797e+01,-4.924098560857135820e-01,4.438083032685356533e-01,2.306830105895159022e+01
5.545021217566503680e+00,2.411705147520599368e+01,1.615733253067367370e+00,-1.502062779620218780e-01,1.170717191567987747e+01,8.544873770702091420e+00,1.157638804067103244e+01,-2.232197770487793775e-01,4.289415559551716384e-01,2.310818244395345999e+01
5.519539307052198751e+00,2.528911330030640414e+01,1.568315242209863847e+00,-1.705421177840753533e-01,1.174180133676799009e+01,1.084103082579553501e+01,1.135205242007557480e+01,2.211263838983364149e-02,3.733913271498666142e-01,2.314955129263278621e+01
5.552403051326280981e+00,2.646375087984364072e+01,1.517146000246370807e+00,-1.743168886614436808e-01,1.176270717311686020e+01,1.313611889997903326e+01,1.164161753121624798e+01,2.189753785935245334e-01,2.813720350903624046e-01,2.319096341502390857e+01
5.645962583428582704e+00,2.763640077591147204e+01,1.465147313772952931e+00,-1.756464521996821682e-01,1.176746938004457554e+01,1.535585416290547300e+01,1.230745984087545253e+01,3.526754882185916262e-01,1.714386972482118965e-01,2.319267550470009098e+01
5.800762047135033406e+00,2.880447670385574455e+01,1.412964733928249617e+00,-1.749711129465707504e-01,1.180097847507749087e+01,1.748858770281423958e+01,1.321577379092277127e+01,4.523368276772646857e-01,1.690326817743901533e-01,2.318851256805789518e+01
6.016546424236716817e+00,2.996454238835092454e+01,1.360810655567991523e+00,-1.749711129465707504e-01,1.180097847507749087e+01,1.952073319985010258e+01,1.433070488764670358e+01,5.512712924349952859e-01,1.690326817743901533e-01,2.318851256805789518e+01
