6.000000000000000000e+00,-5.000000000000000000e+00,1.570796326794896558e+00,0.000000000000000000e+00,1.500000000000000000e+01,2.000000000000000000e+00,6.500000000000000000e+01,-1.570796326794896558e+00,0.000000000000000000e+00,1.500000000000000000e+01
6.000000000000000000e+00,-3.498208676685387708e+00,1.570796326794896558e+00,-1.241056421925685906e-19,1.503582646629224584e+01,2.000246784647437881e+00,6.349979551032884473e+01,-1.570302835766535177e+00,2.631470709394947202e-03,1.500409052416314282e+01
6.000000000000000000e+00,-1.993021591095542888e+00,1.570796326794896558e+00,-2.210646465723817576e-19,1.506791524550465056e+01,2.001865557634447956e+00,6.199918599936207642e+01,-1.569040687782811583e+00,4.097154514830355851e-03,1.500811915597514812e+01
6.000000000000000000e+00,-4.847911929267754161e-01,1.570796326794896558e+00,-3.088269117199371587e-19,1.509669271787069889e+01,2.005717022979224051e+00,6.049818070580569440e+01,-1.567378590968165453e+00,4.761307134937770372e-03,1.501208899749311598e+01
6.000000000000000000e+00,1.026170261405667361e+00,1.570796326794896558e+00,-3.858587918876241585e-19,1.512253636877815666e+01,2.012196167463534024e+00,5.899679027715985313e+01,-1.565579178516742109e+00,4.826504817410301462e-03,1.501600322819101052e+01
6.000000000000000000e+00,2.539586003234635569e+00,1.570796326794896558e+00,-4.438304111531837677e-19,1.514577846780120751e+01,2.021351282331965482e+00,5.749502496045462152e+01,-1.563848200655232112e+00,4.394305640122234125e-03,1.501986496846054564e+01
6.000000000000000000e+00,4.055210403941557296e+00,1.570796326794896558e+00,-4.725770042289451782e-19,1.516670954633722701e+01,2.032944533883023652e+00,5.599289273001949852e+01,-1.562364578056467668e+00,3.506876322506612478e-03,1.502367713597850596e+01
6.000000000000000000e+00,5.572824965068989833e+00,1.570796326794896558e+00,-4.625235456621501260e-19,1.518558167621144150e+01,2.046478055698189635e+00,5.449039777604508572e+01,-1.561297114390285401e+00,2.176618138739058825e-03,1.502744236459999883e+01
6.000000000000000000e+00,7.092234626413256748e+00,1.570796326794896558e+00,-4.062322696288143852e-19,1.520261155067389680e+01,2.061202599337976338e+00,5.298753965225397877e+01,-1.560811517650623204e+00,4.082525481288399585e-04,1.503116304684425586e+01
6.000000000000000000e+00,8.613264372386634449e+00,1.570796326794896558e+00,-2.994405326574443483e-19,1.521798336879363944e+01,2.076121417416401549e+00,5.148431345723764707e+01,-1.561070030800771224e+00,-1.783872408641857697e-03,1.503484153796492251e+01
6.000000000000000000e+00,1.013575611703905999e+01,1.570796326794896558e+00,-1.415207014606266603e-19,1.523185152425497790e+01,2.089999287980432552e+00,4.998071148241727713e+01,-1.562225151441526183e+00,-4.361623967297873980e-03,1.503848051553941190e+01
6.000000000000000000e+00,1.165956584824273534e+01,1.570796326794896558e+00,6.479984042476835788e-20,1.524434309981854696e+01,2.101384775279885542e+00,4.847672668009686703e+01,-1.564408453078665939e+00,-7.251210931014297895e-03,1.504208342352422179e+01
6.000000000000000000e+00,1.318456101168504979e+01,1.570796326794896558e+00,3.145668400164855738e-19,1.525556016902774203e+01,2.108652519060986830e+00,4.697235800862203092e+01,-1.567715299185794109e+00,-1.033328313704435543e-02,1.504565485247525203e+01
6.000000000000000000e+00,1.471061811548193710e+01,1.570796326794896558e+00,6.025483606393620588e-19,1.526558190691000405e+01,2.110071230404594989e+00,4.546761715763921785e+01,-1.572186206082307747e+00,-1.343513755285466980e-02,1.504920063696385313e+01
6.000000000000000000e+00,1.623762053639002900e+01,1.570796326794896558e+00,9.258121973294771233e-19,1.527446651125181631e+01,2.103901879444204148e+00,4.396253536670750606e+01,-1.577785734709272303e+00,-1.632556179026724286e-02,1.505272741449914520e+01
6.000000000000000000e+00,1.776545650872067839e+01,1.570796326794896558e+00,1.286629088900753528e-18,1.528225293536122464e+01,2.088529042705647765e+00,4.245716814550740281e+01,-1.584380059333265978e+00,-1.871319025075549036e-02,1.505624141614035238e+01
6.000000000000000000e+00,1.929401727708684788e+01,1.570796326794896558e+00,1.695313458049302566e-18,1.528896243196218308e+01,2.062626321027547505e+00,4.095159493811459583e+01,-1.591714740281222173e+00,-2.024945204398959780e-02,1.505974636470076788e+01
6.000000000000000000e+00,2.082319539398145380e+01,1.570796326794896558e+00,2.171829588584026513e-18,1.529459990592991758e+01,2.025354027361266684e+00,3.944591055027614601e+01,-1.599394637184039958e+00,-2.053710128486173347e-02,1.506324053523435680e+01
6.000000000000000000e+00,2.235288314282573552e+01,1.570796326794896558e+00,2.740142686186292006e-18,1.529915507095569893e+01,1.976584069163406232e+00,3.794020599270463379e+01,-1.606868195360964258e+00,-1.914479870741836454e-02,1.506671325113101645e+01
6.000000000000000000e+00,2.388297106647042511e+01,1.570796326794896558e+00,3.391127281932434426e-18,1.530260340193821733e+01,1.917143508120047413e+00,3.643453879768031811e+01,-1.613418338508880945e+00,-1.562725231775908413e-02,1.507014130350292191e+01
6.000000000000000000e+00,2.541334658011619041e+01,1.570796326794896558e+00,3.986667812074990553e-18,1.530490687097703528e+01,1.849065358202193865e+00,3.492889715638608550e+01,-1.618161757576152660e+00,-9.549259959591265001e-03,1.507348596516228767e+01
6.000000000000000000e+00,2.694389264618264690e+01,1.570796326794896558e+00,4.327419099420556417e-18,1.530601445035211228e+01,1.775833551606306404e+00,3.342316830351784773e+01,-1.620057489432664699e+00,-5.111163771894174394e-04,1.507669143466479511e+01
6.000000000000000000e+00,2.847448648674462035e+01,1.570796326794896558e+00,4.311142156298338916e-18,1.530586236088741003e+01,1.702609087943264043e+00,3.191712881007435243e+01,-1.617924551102641439e+00,1.182712575394131993e-02,1.507968572306763733e+01
6.000000000000000000e+00,3.000489213554048717e+01,1.570796326794896558e+00,4.294791625181295591e-18,1.530225061502994421e+01,1.636425728509994348e+00,3.041048173416365685e+01,-1.610467520173122891e+00,2.772353973871736349e-02,1.508238516908559035e+01
6.000000000000000000e+00,3.153493696354413700e+01,1.570796326794896558e+00,4.278461158233840097e-18,1.529864594504307007e+01,1.586344403173132633e+00,2.890297159581123410e+01,-1.596309024353163242e+00,4.733202674078351713e-02,1.508470375464337820e+01
6.000000000000000000e+00,3.306462168016351200e+01,1.570796326794896558e+00,4.262172557854202788e-18,1.529504838734437655e+01,1.563552473403804211e+00,2.739461148880504382e+01,-1.574029837751957484e+00,7.067279798539227720e-02,1.508656774714765447e+01
6.000000000000000000e+00,3.459394699843625887e+01,1.570796326794896558e+00,4.245934228992876483e-18,1.529145797811052532e+01,1.581382929724916675e+00,2.588605546724557627e+01,-1.542220887147524255e+00,9.758510195462986869e-02,1.508793432412135260e+01
6.000000000000000000e+00,3.612291363500565922e+01,1.570796326794896558e+00,4.229750212846520711e-18,1.528787475327748169e+01,1.655206453373430531e+00,2.437914005412599394e+01,-1.499555559326009258e+00,1.276558837439523975e-01,1.508880967595024103e+01
6.000000000000000000e+00,3.765152231009656703e+01,1.570796326794896558e+00,4.213622702340807911e-18,1.528429874854067450e+01,1.802118745994577109e+00,2.287759450313422604e+01,-1.444891246120749484e+00,1.601376869524696323e-01,1.508925929951514533e+01
6.000000000000000000e+00,3.917977374749137454e+01,1.570796326794896558e+00,4.197552972906712164e-18,1.528072999935526255e+01,2.040320924790188784e+00,2.138787156433222947e+01,-1.377400866696855131e+00,1.938999562610255745e-01,1.508940413175057671e+01
6.000000000000000000e+00,4.070766867450595328e+01,1.570796326794896558e+00,4.181541792813380764e-18,1.527716854093631227e+01,2.388098950666393439e+00,1.991997650147923693e+01,-1.296716912114963760e+00,2.274753006861019444e-01,1.508940207756626961e+01
6.000000000000000000e+00,4.223520782196572299e+01,1.570796326794896558e+00,4.165589627239963863e-18,1.527361440825902861e+01,2.862377558167084945e+00,1.848809014865090816e+01,-1.203048571086313467e+00,2.592430684984495803e-01,1.508942083614883245e+01
6.000000000000000000e+00,4.376239192418162105e+01,1.570796326794896558e+00,4.149696749176785132e-18,1.527006763605896822e+01,3.476961995119155269e+00,1.711073905960596164e+01,-1.097220620692815007e+00,2.877260766804893288e-01,1.508960906816707137e+01
6.000000000000000000e+00,4.528922171892618564e+01,1.570796326794896558e+00,4.133863303947723494e-18,1.526652825883230591e+01,4.240740135599931016e+00,1.581031759937292414e+01,-9.806053266655569978e-01,3.118539679589269475e-01,1.509006971536878794e+01
6.000000000000000000e+00,4.681569794740960333e+01,1.570796326794896558e+00,4.118089348840859368e-18,1.526299631083599451e+01,5.156191075246678857e+00,1.461191261590256829e+01,-8.549860617594818857e-01,3.309847759770865316e-01,1.509083851851569236e+01
6.000000000000000000e+00,4.834182135425579929e+01,1.570796326794896558e+00,4.102374878549955314e-18,1.525947182608803132e+01,6.218466095343649691e+00,1.354152479277132493e+01,-7.224540130709697916e-01,3.446324131487435993e-01,1.509187206913017221e+01
6.000000000000000000e+00,4.986759268747861995e+01,1.570796326794896558e+00,4.086719842122493166e-18,1.525595483836832855e+01,7.415167994203547330e+00,1.262383096047690145e+01,-5.854096013379164187e-01,3.521584501718553195e-01,1.509302615441788120e+01
6.000000000000000000e+00,5.139301269846752973e+01,1.570796326794896558e+00,4.071124155625259576e-18,1.525244538140988482e+01,8.726964999531977796e+00,1.187973590056155793e+01,-4.464459136520453342e-01,3.535615157080771453e-01,1.509407428402605333e+01
6.000000000000000000e+00,5.291808214474335159e+01,1.570796326794896558e+00,4.055587973566261666e-18,1.524894354410664121e+01,1.012927233024716145e+01,1.132449549979916092e+01,-3.077687211255774602e-01,3.507845221046826945e-01,1.509471052491075937e+01
6.000000000000000000e+00,5.444280252578368362e+01,1.570796326794896558e+00,4.040177467165096643e-18,1.524546407669983950e+01,1.159471397351650701e+01,1.096761540836339677e+01,-1.701471931037180918e-01,3.486180851902862532e-01,1.509453575177118978e+01
6.000000000000000000e+00,5.596734893345365691e+01,1.570796326794896558e+00,4.040177467165096643e-18,1.524546407669983950e+01,1.309521158213370384e+01,1.081468612583735123e+01,-3.298947350598994965e-02,3.486180851902862532e-01,1.509453575177118978e+01
