6.000000000000000000e+00,0.000000000000000000e+00,1.562981419696414687e+00,0.000000000000000000e+00,1.200000000000000000e+01
6.010065406609861327e+00,1.199642698668907048e+00,1.561255639319552468e+00,-6.942887031169878327e-03,1.199370165619836825e+01
6.023461220814391837e+00,2.398705760342714655e+00,1.558088559606216172e+00,-5.802956307267840251e-03,1.198906612629069102e+01
6.040209486410339501e+00,3.597346613430542295e+00,1.555737903651754905e+00,-3.660229190351316827e-03,1.198609654724104345e+01
6.059068613271634263e+00,4.795724051725497539e+00,1.554614437061776933e+00,-8.634602368984903298e-04,1.198442122959446010e+01
6.078362284402668791e+00,5.993969883001373233e+00,1.555073911457596214e+00,2.713816648842971944e-03,1.198360204712771093e+01
6.095955671235965490e+00,7.192183875161325624e+00,1.557521432710605058e+00,7.142829508729550518e-03,1.198326695810357378e+01
6.109211192160677761e+00,8.390430228041749317e+00,1.562386547645563395e+00,1.244979351021338956e-02,1.198315018976411395e+01
6.114972628753925221e+00,9.588725399532620486e+00,1.570100452215649423e+00,1.861406807323533197e-02,1.198308982653266952e+01
6.109579363846840749e+00,1.078701220424177443e+01,1.581068026960521067e+00,2.554890526275901269e-02,1.198300932216409365e+01
6.088921952601244136e+00,1.198511873085313972e+01,1.595627847887255202e+00,3.307208889552127468e-02,1.198289455611690357e+01
6.048556067825836102e+00,1.318270498955613590e+01,1.613998513437738813e+00,4.088036863928565245e-02,1.198276974202422451e+01
5.983886949071245631e+00,1.437920611026192752e+01,1.636223974398147929e+00,4.857178592265554151e-02,1.198267338554022388e+01
5.890407393702642658e+00,1.557378618600385956e+01,1.662153358563665195e+00,5.576329176657493503e-02,1.198263867208653011e+01
5.763921219261354700e+00,1.676531461024507408e+01,1.691497792693451574e+00,6.228330422041788994e-02,1.198268451815954805e+01
5.600646420167442407e+00,1.795236067554586867e+01,1.723977101849894833e+00,6.833921944717305519e-02,1.198281785198052773e+01
5.397120050356361887e+00,1.913317902853443186e+01,1.759490039412108686e+00,7.444191421639774486e-02,1.198304026106605846e+01
5.150039002572347258e+00,2.030567353021156762e+01,1.797967424130732184e+00,8.020888679470906946e-02,1.198334930363050432e+01
4.856704467064768771e+00,2.146748707337483353e+01,1.838428389273034425e+00,8.237599376714151156e-02,1.198372613350857918e+01
4.516556325758210200e+00,2.261650921612144316e+01,1.878469592430009438e+00,7.852418029412173983e-02,1.198412333306413657e+01
4.131683766156004189e+00,2.375137918049927421e+01,1.916795008058934435e+00,7.550453750243858730e-02,1.198446042443255521e+01
3.704275864002904317e+00,2.487095934439706824e+01,1.954057963624160177e+00,7.426675819911986165e-02,1.198471517157300426e+01
3.235783314946993006e+00,2.597400873611445249e+01,1.990708589976601051e+00,7.304927035979007222e-02,1.198496574253081803e+01
2.727503192242981545e+00,2.705932866533530401e+01,2.026757008457068299e+00,7.185174133749840097e-02,1.198521220576801483e+01
2.180742239432214458e+00,2.812581080261307775e+01,2.062213170041929722e+00,7.067384393852300939e-02,1.198545462862427513e+01
1.634481701470791526e+00,2.920289199561796778e+01,1.977340044433035793e+00,-3.990423877078528858e-01,1.217640634417933398e+01
1.271031251373264892e+00,3.037099307486923294e+01,1.769727657155615974e+00,-3.770671874869445106e-01,1.233435426918114075e+01
1.142843378138086008e+00,3.160038263271449210e+01,1.586102658868278059e+00,-3.102511990808202724e-01,1.242151415035519335e+01
1.223678189695999174e+00,3.284055741302609022e+01,1.427560253648890942e+00,-2.863775573461234125e-01,1.246066713869596043e+01
1.492464664024073517e+00,3.405673179154233310e+01,1.280791555704208440e+00,-2.671945490114844834e-01,1.247215639613408911e+01
1.930445670312547435e+00,3.522331531128276083e+01,1.144072319304945573e+00,-2.500317847252362946e-01,1.246909902779390222e+01
2.518036319241107268e+00,3.632156885199090368e+01,1.016383136675931276e+00,-2.346425296098851310e-01,1.245906486447277572e+01
3.235954759885501630e+00,3.733815926098110793e+01,8.966744020607161358e-01,-2.212107267920627729e-01,1.244646859518651993e+01
4.066309081723113117e+00,3.826361008282014353e+01,7.831419555767995533e-01,-2.122953990205204700e-01,1.243411976675953312e+01
4.993648979762862261e+00,3.909029594725635093e+01,6.734590612008679589e-01,-2.073030217563213706e-01,1.242481842839441342e+01
6.004376769553116944e+00,3.981129803471503692e+01,5.661037155658642517e-01,-2.039046115635949064e-01,1.241785419186336270e+01
7.085386503380805223e+00,4.042053514514134349e+01,4.606163191575748939e-01,-2.005619130133721728e-01,1.241100412314429846e+01
8.223477277598973956e+00,4.091334911269402852e+01,3.569618512556460010e-01,-1.972740128000381454e-01,1.240426635063374405e+01
9.405495365064989954e+00,4.128663242966496227e+01,2.551060549322997084e-01,-1.940400125902015382e-01,1.239763903341023976e+01
1.061849457741837632e+01,4.153873820186657184e+01,1.550154158141404392e-01,-1.908590287772475302e-01,1.239112036073138512e+01
1.184987609013581178e+01,4.166937899861574124e+01,5.665714162191231446e-02,-1.877301922399156053e-01,1.238470855153907024e+01
1.308750814514089988e+01,4.167951772858258863e+01,-4.000085754746026540e-02,-1.846526481048350599e-01,1.237840185397286064e+01
1.431982635775872481e+01,4.157125334443337294e+01,-1.349899882302996734e-01,-1.816255555129523969e-01,1.237219854489134008e+01
1.553591559836442748e+01,4.134770384829131018e+01,-2.283409919290193546e-01,-1.786480873897892674e-01,1.236609692940132277e+01
1.672557460136879470e+01,4.101288874472950852e+01,-3.200839627986439839e-01,-1.757194302194649005e-01,1.236009534039473934e+01
1.787936458250338490e+01,4.057161277465881000e+01,-4.102483647156726643e-01,-1.728387838224244577e-01,1.235419213809317895e+01
1.898864322688230999e+01,4.002935246685341042e+01,-4.988630477564563459e-01,-1.700053611368108619e-01,1.234838570959985660e+01
2.004558545190351992e+01,3.939214676736700937e+01,-5.859562641108538861e-01,-1.672183880034204262e-01,1.234267446845888117e+01
2.104319235717227343e+01,3.866649275296537525e+01,-6.715556834556036803e-01,-1.644771029541839957e-01,1.233705685422184217e+01
2.197528975424881992e+01,3.785924720419117762e+01,-7.556884078106017588e-01,-1.617807570041153165e-01,1.233153133202148410e+01
2.283651762756309722e+01,3.697753460724052132e+01,-8.383809859000992404e-01,-1.591286134466708413e-01,1.232609639215227304e+01
2.362231181915467104e+01,3.602866197128270898e+01,-9.196594270397250304e-01,-1.565199476524632427e-01,1.232075054965797989e+01
2.432887915827240732e+01,3.502004068850959584e+01,-9.995492145691928787e-01,-1.539540468712753407e-01,1.231549234392588943e+01
2.495316717603561329e+01,3.395911552699609359e+01,-1.078075318849567088e+00,-1.514302100373200455e-01,1.231032033828775951e+01
2.549282945852021243e+01,3.285330073005328444e+01,-1.155262209843028076e+00,-1.489477475776919135e-01,1.230523311962729949e+01
2.594618760149807812e+01,3.170992309863966341e+01,-1.231133869292201810e+00,-1.465059812239592474e-01,1.230022929799406128e+01
2.631219063887962761e+01,3.053617185393779110e+01,-1.305713802515289679e+00,-1.441042438268451131e-01,1.229530750622367208e+01
2.659037272653076300e+01,2.933905501372041513e+01,-1.379025049832443672e+00,-1.417418791739459283e-01,1.229046639956426645e+01
2.678080977502835935e+01,2.812536196694559010e+01,-1.451090197638096768e+00,-1.394182418104384924e-01,1.228570465530911804e+01
2.688407564023046703e+01,2.690163189448762537e+01,-1.521931389133259094e+00,-1.371326968627263332e-01,1.228102097243520419e+01
2.690119840013100472e+01,2.567412765845271494e+01,-1.591570334731119196e+00,-1.348846198649767958e-01,1.227641407124773920e+01
2.683361717096114418e+01,2.444881476665054976e+01,-1.660028322148668023e+00,-1.326733965885016908e-01,1.227188269303056956e+01
2.668313984529950744e+01,2.323134501110357775e+01,-1.727326226196471692e+00,-1.304984228739359819e-01,1.226742559970220015e+01
2.645190207029441609e+01,2.202704437868901977e+01,-1.793484518278150253e+00,-1.283591044661664959e-01,1.226304157347757595e+01
2.614232772507287805e+01,2.084090483695440099e+01,-1.858523275610591163e+00,-1.262548568519670789e-01,1.225872941653531711e+01
2.575709110298365800e+01,1.967757960776885895e+01,-1.922462190175420194e+00,-1.241851051002955120e-01,1.225448795069047847e+01
2.529908095637427934e+01,1.854138155482560890e+01,-1.985320577411776588e+00,-1.221492837052087499e-01,1.225031601707260265e+01
2.477136651893779984e+01,1.743628432726023192e+01,-2.047117384659978612e+00,-1.201468364313529047e-01,1.224621247580911998e+01
2.417716558303636276e+01,1.636592592006380897e+01,-2.107871199365247250e+00,-1.181772161619864814e-01,1.224217620571388210e+01
2.351981467652553093e+01,1.533361433191360135e+01,-2.167600257050230628e+00,-1.162398847494949539e-01,1.223820610398086473e+01
2.280274135515090350e+01,1.434233502197269061e+01,-2.226322449064708220e+00,-1.143343128683557419e-01,1.223430108588282650e+01
2.202943860223701833e+01,1.339475988866070288e+01,-2.284055330120451810e+00,-1.124599798705138987e-01,1.223046008447490607e+01
2.120344130680116024e+01,1.249325751498311377e+01,-2.340816125618916832e+00,-1.106163736431284017e-01,1.222668205030319299e+01
2.032830477406533021e+01,1.163990444640578836e+01,-2.396621738779052269e+00,-1.088029904686508842e-01,1.222296595111789941e+01
1.940758520828022426e+01,1.083649728821421121e+01,-2.451488757572253263e+00,-1.070193348871975314e-01,1.221931077159138113e+01
1.844482209649615356e+01,1.008456542959585533e+01,-2.505433461471142653e+00,-1.052649195611779220e-01,1.221571551304070624e+01
1.744352241311473506e+01,9.385384221168107999e+00,-2.558471828018602068e+00,-1.035392651421422339e-01,1.221217919315478895e+01
1.640714655844447378e+01,8.739988451223217325e+00,-2.610619539223196561e+00,-1.018419001398119805e-01,1.220870084572601755e+01
1.533909593979398522e+01,8.149185983489266150e+00,-2.661891987786883185e+00,-1.001723607932576421e-01,1.220527952038625230e+01
1.424270210061951936e+01,7.613571435656829145e+00,-2.712304283170640318e+00,-9.853019094418780099e-02,1.220191428234713982e+01
1.312121730166824918e+01,7.133539793262972495e+00,-2.761871257503420107e+00,-9.691494191231592170e-02,1.219860421214472623e+01
1.197780645771586805e+01,6.709299867747807511e+00,-2.810607471339630070e+00,-9.532617237276980182e-02,1.219534840538826259e+01
1.081554033419448224e+01,6.340887520610313466e+00,-2.858527219270090569e+00,-9.376344823551122087e-02,1.219214597251304255e+01
9.637389909573107261e+00,6.028178587610692141e+00,-2.905644535391259886e+00,-9.222634252673234112e-02,1.218899603853741453e+01
8.446221811633035870e+00,5.770901447927498928e+00,-2.951973198637295681e+00,-9.071443527219569258e-02,1.218589774282368410e+01
7.244794738636693765e+00,5.568649193119745711e+00,-2.997526737979354206e+00,-8.922731338248762745e-02,1.218285023884295981e+01
6.035756779699049446e+00,5.420891359713590596e+00,-3.042318437496345673e+00,-8.776457054015179837e-02,1.217985269394388936e+01
4.821643552328545468e+00,5.326985197281302931e+00,-3.086361341321198548e+00,-8.632580708867393371e-02,1.217690428912514378e+01
3.604877079015773589e+00,5.286186451061245961e+00,-3.129668258466534070e+00,-8.491062992328585191e-02,1.217400421881161421e+01
2.387765328832047285e+00,5.297659644537421997e+00,-3.172251767533488920e+00,-8.351865238355984933e-02,1.217115169063437463e+01
1.172502354186663709e+00,5.360487853012294579e+00,-3.214124221307286700e+00,-8.214949414776376302e-02,1.216834592521414393e+01
-3.883104287829301782e-02,5.473681964123323418e+00,-3.255297751243018567e+00,-8.080278112894798137e-02,1.216558615594833626e+01
-1.244266176253555622e+00,5.636189425527309282e+00,-3.295784271844958813e+00,-7.947814537273567570e-02,1.216287162880164630e+01
-2.441944930411998893e+00,5.846902483660826100e+00,-3.335595484942630584e+00,-7.817522495678919103e-02,1.216020160209997414e+01
-3.630117857273531090e+00,6.104665920631727083e+00,-3.374742883866677090e+00,-7.689366389192373030e-02,1.215757534632784953e+01
-4.807141964436890014e+00,6.408284298955073233e+00,-3.413237757527534111e+00,-7.563311202484307438e-02,1.215499214392903582e+01
-5.971478240082317868e+00,6.756528726064204626e+00,-3.451091194399737994e+00,-7.439322494246861095e-02,1.215245128911052674e+01
-7.121688956152017802e+00,7.148143152347908647e+00,-3.488314086414634918e+00,-7.317366387783794113e-02,1.214995208764970513e+01
-8.256434787881127946e+00,7.581850217929504865e+00,-3.524917132764131988e+00,-7.197409561754546103e-02,1.214749385670462800e+01
-9.374471784389699636e+00,8.056356664551680424e+00,-3.560910843618048993e+00,-7.079419241070041002e-02,1.214507592462750907e+01
-1.047464822186151601e+01,8.570358329797999275e+00,-3.596305543757527534e+00,-6.963363187937747500e-02,1.214269763078115005e+01
-1.155590136783139599e+01,9.122544741501409149e+00,-3.631111376126884505e+00,-6.849209693053524839e-02,1.214035832535851611e+01
-1.261725418227955231e+01,9.711603330592053496e+00,-3.665338305306175659e+00,-6.736927566937887801e-02,1.213805736920510014e+01
-1.365781197858827767e+01,1.033622328084937791e+01,-3.698996120906703489e+00,-6.626486131414309477e-02,1.213579413364436022e+01
-1.467675906494963911e+01,1.099509903407216171e+01,-3.732094440891580600e+00,-6.517855211227190082e-02,1.213356800030592808e+01
-1.567335538451906451e+01,1.168693346908800734e+01,-3.764642714823412284e+00,-6.411005125797229753e-02,1.213137836095664213e+01
-1.664693317048293153e+01,1.241044077281162039e+01,-3.796650227041085124e+00,-6.305906681112026513e-02,1.212922461733440471e+01
-1.759689363024294195e+01,1.316434902124802164e+01,-3.828126099767578783e+00,-6.202531161749536698e-02,1.212710618098466853e+01
-1.852270367110924809e+01,1.394740248793934256e+01,-3.859079296150643934e+00,-6.100850323032330075e-02,1.212502247309967629e+01
-1.942389267823081767e+01,1.475836369688725647e+01,-3.889518623238151118e+00,-6.000836383310485800e-02,1.212297292436032947e+01
-2.030004935396821963e+01,1.559601523646083088e+01,-3.919452734889822487e+00,-5.902462016370967068e-02,1.212095697478065048e+01
