6.000000000000000000e+00,0.000000000000000000e+00,1.562981419696414687e+00,0.000000000000000000e+00,1.200000000000000000e+01
6.004697901668046178e+00,1.194622692242506945e+00,1.574639030925544914e+00,4.714650346903768996e-02,1.189278284164091914e+01
5.986161467118107815e+00,2.384544046796355232e+00,1.598205738950255528e+00,4.834698028702308359e-02,1.190908246230347345e+01
5.939265386345280895e+00,3.575988009012269320e+00,1.622043970338925778e+00,4.805928813675383604e-02,1.193881292461892940e+01
5.863857687732558333e+00,4.769123552587546833e+00,1.645738182718445408e+00,4.751353040008932105e-02,1.197206841138991606e+01
5.760025132349981369e+00,5.963501841030338646e+00,1.669249225314121565e+00,4.705562602671824191e-02,1.200614591918893126e+01
5.627902398755061597e+00,7.158065918392425786e+00,1.692629802801643990e+00,4.675774516855835117e-02,1.203137103983068101e+01
5.467699617819885560e+00,8.351200410122951112e+00,1.715873621579124819e+00,4.635349015949299933e-02,1.204600503806285516e+01
5.279781804940696155e+00,9.541437379774817984e+00,1.738829789633689504e+00,4.552039249000548737e-02,1.205412703282569709e+01
5.064774929789487956e+00,1.072776109907217545e+01,1.761224562189515286e+00,4.406011657585458263e-02,1.205937687726424556e+01
4.823664457374313486e+00,1.190951603857745233e+01,1.782716486617033524e+00,4.188152649001213035e-02,1.206310221562182861e+01
4.557858060106330989e+00,1.308627975556378331e+01,1.802933362843860854e+00,3.894661730460614868e-02,1.206551534804161818e+01
4.269204145884841317e+00,1.425784913233239593e+01,1.821492253066312239e+00,3.524734556301484245e-02,1.206693320183281060e+01
3.959980247150651333e+00,1.542429443511874076e+01,1.838002884501128475e+00,3.075744865432548936e-02,1.206807999482022709e+01
3.632901029490754219e+00,1.658601153975001097e+01,1.852019938153518508e+00,2.527781883457711626e-02,1.206978494649057865e+01
3.291251560744235860e+00,1.774376812972253603e+01,1.862880430109741914e+00,1.813510660975339861e-02,1.207261782838991593e+01
2.939304758538123785e+00,1.889880305080412981e+01,1.869397924772316477e+00,7.912866526538069392e-03,1.207672944582827412e+01
2.583073327232846772e+00,2.005301486492830421e+01,1.869695276861088828e+00,-6.723835456556755130e-03,1.208196144715055809e+01
2.230922484238434755e+00,2.120907358109904806e+01,1.861733525677097267e+00,-2.506512938679910860e-02,1.208818425204427882e+01
1.893255922706357230e+00,2.237013074223942155e+01,1.844262930611662243e+00,-4.463012849694280443e-02,1.209536240359235393e+01
1.581248313179012266e+00,2.353926936805936521e+01,1.817436595001285182e+00,-6.224938340181004892e-02,1.210647098524703580e+01
1.311022294885577200e+00,2.472033356865426512e+01,1.767929459489388178e+00,-1.341867799736999045e-01,1.212769686678325343e+01
1.114949027275709437e+00,2.591534690384677475e+01,1.698292838717810227e+00,-1.415125861407219021e-01,1.209703748108877974e+01
1.004535106603101191e+00,2.711793340280724607e+01,1.626131763041760880e+00,-1.448244353948739127e-01,1.206109608361823504e+01
9.818974650650977853e-01,2.832175192419212095e+01,1.552928156700524642e+00,-1.464486840568783033e-01,1.202490856055455737e+01
1.047531140519286419e+00,2.952046738393832825e+01,1.479137826504626885e+00,-1.479731005579943692e-01,1.199075857065980344e+01
1.201288999063867990e+00,3.070792845051426667e+01,1.404801287603887339e+00,-1.493607025592253723e-01,1.196224256398610564e+01
1.442596395954246491e+00,3.187817960704650488e+01,1.329999033501828798e+00,-1.504246396139067576e-01,1.194075250882341166e+01
1.770398166474153712e+00,3.302530596364361770e+01,1.254846257875460891e+00,-1.511979977198780467e-01,1.192573433534882810e+01
2.183134171382591138e+00,3.414336191562188816e+01,1.179422106419957927e+00,-1.518063596523845094e-01,1.191602464196116529e+01
2.678754484826183724e+00,3.522637346786932966e+01,1.103762565919112815e+00,-1.523234090655981865e-01,1.191026675647951549e+01
3.254705257707588117e+00,3.626838529142648326e+01,1.027935649193399970e+00,-1.525791205737476453e-01,1.190726727342631008e+01
3.907785488772673066e+00,3.726362023231946097e+01,9.522775965222997074e-01,-1.517081255468850365e-01,1.190602731864379749e+01
4.633778218105556235e+00,3.820688832700151494e+01,8.776603642843873176e-01,-1.484771815302683151e-01,1.190554719583444765e+01
5.427270713712021966e+00,3.909419269958679166e+01,8.050440321536159738e-01,-1.437653580418899735e-01,1.190673708625859462e+01
6.282260208815197977e+00,3.992250720505585804e+01,7.342862541409023169e-01,-1.410858161402570865e-01,1.190673270062664812e+01
7.193244580585131054e+00,4.068894157040291759e+01,6.647806647798213397e-01,-1.387729339084496083e-01,1.190826167274752478e+01
8.154983781601703896e+00,4.139090420876355125e+01,5.964204472464608164e-01,-1.364979677788028811e-01,1.190976557975166372e+01
9.162199662115162013e+00,4.202618619475949657e+01,5.291863962012596234e-01,-1.342602961758716240e-01,1.191124483254262501e+01
1.020964122075870506e+01,4.259301954222539877e+01,4.630596467413758410e-01,-1.320593077139720906e-01,1.191269983528782817e+01
1.129211545759422464e+01,4.309005472032421835e+01,3.980216674024330548e-01,-1.298944010301365248e-01,1.191413098552900607e+01
1.240451475905272538e+01,4.351633710747105965e+01,3.340542533511853818e-01,-1.277649846198065375e-01,1.191553867429082914e+01
1.354184096176809327e+01,4.387128272718433664e+01,2.711395197618818309e-01,-1.256704766752196056e-01,1.191692328618769992e+01
1.469922625925292614e+01,4.415465357210752728e+01,2.092598953694597419e-01,-1.236103049264454939e-01,1.191828519952887788e+01
1.587195112772803718e+01,4.436653278631066399e+01,1.483981161930146564e-01,-1.215839064850283008e-01,1.191962478642184564e+01
1.705545945576136901e+01,4.450729994182422189e+01,8.853721942330364247e-02,-1.195907276901917310e-01,1.192094241287395207e+01
1.824537106722929636e+01,4.457760661333976060e+01,2.966053746832745738e-02,-1.176302239575656855e-01,1.192223843889240342e+01
1.943749182897909833e+01,4.457835242523306363e+01,-2.824830784868785985e-02,-1.157018596303924646e-01,1.192351321858269131e+01
2.062782153389944995e+01,4.451066171757278767e+01,-8.520541094432983187e-02,-1.138051078331728666e-01,1.192476710024526199e+01
2.179790562942846677e+01,4.438896993178392592e+01,-1.125893211140031464e-01,2.241368911107420939e-03,1.160392561928028243e+01
2.294457083406449982e+01,4.425234357587517309e+01,-1.311576439771482971e-01,-7.989042886025443657e-02,1.149195278343873738e+01
2.408255921763901597e+01,4.407678996320425568e+01,-1.777630234634541284e-01,-1.147650876039821993e-01,1.153913189752569224e+01
2.521556383703241622e+01,4.383821260985418178e+01,-2.394291869101215497e-01,-1.407770127768552260e-01,1.162155752196112601e+01
2.633520256022148942e+01,4.352088245200344119e+01,-3.155020117546502578e-01,-1.720006485571574650e-01,1.165884644746887844e+01
2.743142844410618508e+01,4.310846256713166724e+01,-4.063358880320003252e-01,-1.978063949297393931e-01,1.177399601744945556e+01
2.849523003769419205e+01,4.258483802231790349e+01,-5.102743522340972282e-01,-2.188495314071773890e-01,1.195044774290175127e+01
2.950970180233761653e+01,4.193814199405489518e+01,-6.265240533563497527e-01,-2.389779187889780054e-01,1.212443580501997786e+01
3.044604810246342197e+01,4.116497468571646579e+01,-7.563119238661215604e-01,-2.654473351259317160e-01,1.217868359244145537e+01
3.126808737417067974e+01,4.027120260127745155e+01,-9.004656434890988548e-01,-2.920389098783198745e-01,1.212879291899420053e+01
3.194482836712444040e+01,3.926836364467784080e+01,-1.055132743029906450e+00,-3.058433361191286726e-01,1.209174137456628984e+01
3.245632380852499210e+01,3.817229284548772483e+01,-1.213032578513268511e+00,-3.038922437227442042e-01,1.212430490475795253e+01
3.279147194313198099e+01,3.700550326002858981e+01,-1.368231788969030749e+00,-2.939971782704558501e-01,1.217947177777244860e+01
3.294596769500263633e+01,3.579706573676914871e+01,-1.517951357653356981e+00,-2.820602527925918923e-01,1.220876970462502698e+01
3.292248250447016744e+01,3.457785720974545995e+01,-1.660982740368855959e+00,-2.691133279289858460e-01,1.220072662293648236e+01
3.273032137977141076e+01,3.337513966189955283e+01,-1.796065776457821839e+00,-2.534781657722978143e-01,1.217724166873685832e+01
3.238383601125453737e+01,3.220932395296600248e+01,-1.921603148537107231e+00,-2.343999557940462108e-01,1.216303515200538854e+01
3.190018637908453414e+01,3.109383735369330637e+01,-2.036334670817941284e+00,-2.131186113609328525e-01,1.216678299919934858e+01
3.129735535248124378e+01,3.003669413871933358e+01,-2.139891026054127288e+00,-1.917344241347670453e-01,1.218301303592318519e+01
3.059270925184211265e+01,2.904212751021599814e+01,-2.232779781555907395e+00,-1.718463989434487194e-01,1.220352262557921108e+01
2.980205612598893694e+01,2.811172692308966248e+01,-2.316040628067774776e+00,-1.542296883809662345e-01,1.222301446322906315e+01
2.893914045387991862e+01,2.724523977244585637e+01,-2.390905750022670695e+00,-1.390297039119811062e-01,1.224020045541794488e+01
2.801554924328373275e+01,2.644123969242425432e+01,-2.458602722264324303e+00,-1.261571849986733440e-01,1.225477627586216300e+01
2.704091942912297242e+01,2.569771750601509908e+01,-2.520277903110832884e+00,-1.154267317174675483e-01,1.226627597921619284e+01
2.602327161874726258e+01,2.501251612780953693e+01,-2.576963383519453199e+00,-1.066109273751636027e-01,1.227357832348771538e+01
2.496931311248447116e+01,2.438356310362853918e+01,-2.629545562424838057e+00,-9.938720867255636249e-02,1.227643269663323977e+01
2.388466157291122371e+01,2.380892523204245137e+01,-2.678737631861208168e+00,-9.340030534316141886e-02,1.227540251529570625e+01
2.277401963379526251e+01,2.328677902336800898e+01,-2.725077152373615252e+00,-8.830407188985252287e-02,1.227195371437292337e+01
2.164130061842618602e+01,2.281534648563481937e+01,-2.768945214542022804e+00,-8.380905542914036943e-02,1.226815582498400659e+01
2.048977181676083603e+01,2.239286255099058565e+01,-2.810611066754604259e+00,-7.974743272080485335e-02,1.226532286778593317e+01
1.932218489216708690e+01,2.201757931428613801e+01,-2.850279898310782656e+00,-7.602490369995658359e-02,1.226460983831553264e+01
1.814093244760291057e+01,2.168780739084980880e+01,-2.888139104037739102e+00,-7.266860065801401813e-02,1.226526202130725096e+01
1.694817546280343024e+01,2.140197744105442723e+01,-2.924389351400327186e+00,-6.971590578706356178e-02,1.226661714705920048e+01
1.574588750982998420e+01,2.115868068847117556e+01,-2.959253939072261641e+00,-6.722929518682442540e-02,1.226778369510795486e+01
1.453590711335299090e+01,2.095671933179976421e+01,-2.992989702088333370e+00,-6.528893065208897506e-02,1.226777157820703223e+01
1.331997031886366400e+01,2.079515899506311527e+01,-3.025893796274240266e+00,-6.398203517050195244e-02,1.226579554274931638e+01
1.209969812554576762e+01,2.067337836721726418e+01,-3.058303256823153848e+00,-6.338107158301335697e-02,1.226195520432555242e+01
1.087661152106201179e+01,2.059112415876132829e+01,-3.090599098008061762e+00,-6.358685275308802176e-02,1.225609705621821632e+01
9.652188212797524258e+00,2.054857851676640834e+01,-3.123214112938327958e+00,-6.470414143285470321e-02,1.224823427693993594e+01
8.427898480941074411e+00,2.054642395384713183e+01,-3.156631965708324827e+00,-6.682886341861186963e-02,1.223873769227863662e+01
7.205274841543300113e+00,2.058590355700454566e+01,-3.191387713932509307e+00,-7.006852993082314518e-02,1.222771155304964097e+01
5.985960681230012348e+00,2.066887543964188723e+01,-3.228058235109720453e+00,-7.447728844341204579e-02,1.221633681055211795e+01
4.771881820655483608e+00,2.079784257141599468e+01,-3.267272278568575050e+00,-8.020910204510063590e-02,1.220341787968600755e+01
3.565425154601655322e+00,2.097598301920244168e+01,-3.309709661959216120e+00,-8.732086781949709164e-02,1.218916261606612750e+01
2.369531691727534639e+00,2.120713936510087905e+01,-3.356073448408702031e+00,-9.584930032590986693e-02,1.217359795971454872e+01
1.187844505526186145e+00,2.149576332145361590e+01,-3.407066833378446180e+00,-1.057530868951375297e-01,1.215752716018100799e+01
2.485284067217934101e-02,2.184680525485334002e+01,-3.463364268710670046e+00,-1.169405560750854806e-01,1.214201977658567344e+01
-1.113631197331055755e+00,2.226545451292471967e+01,-3.525650867382728926e+00,-1.295711490446693481e-01,1.212226662103520525e+01
-2.220469298263323843e+00,2.275697696220868593e+01,-3.594527646693621570e+00,-1.431390095672993301e-01,1.210387592059046824e+01
-3.287106047759415173e+00,2.332630281073844358e+01,-3.670471737061236972e+00,-1.576299797096711031e-01,1.208330066814608017e+01
-4.303358510551333005e+00,2.397757376082043024e+01,-3.753830160358811341e+00,-1.725262570101251669e-01,1.206430333875215410e+01
-5.258082674538464119e+00,2.471401197106413150e+01,-3.844667133250647684e+00,-1.869932149952379941e-01,1.205904348929758996e+01
-6.138290113876699650e+00,2.553661621417051464e+01,-3.942942811467502473e+00,-2.015518162039289241e-01,1.204582505530647651e+01
-6.928574572301036127e+00,2.644256310909431562e+01,-4.048414200567814980e+00,-2.154943758019602917e-01,1.200936095201071296e+01
-7.613382651810355561e+00,2.742532260319820026e+01,-4.160214329780078657e+00,-2.273332489657977629e-01,1.195956715769880319e+01
-8.179170974303087149e+00,2.847554555085406491e+01,-4.277072879134523831e+00,-2.366448410822787896e-01,1.191263643555898355e+01
-8.614861945986721281e+00,2.958167127839518074e+01,-4.397895828487834891e+00,-2.440539016347272883e-01,1.187863399682996857e+01
-8.911427436561242033e+00,3.073015581660556350e+01,-4.522022636218468783e+00,-2.503230608279035652e-01,1.185973759492763335e+01
-9.061679228882738357e+00,3.190543553423982814e+01,-4.648844720649667472e+00,-2.548644085516901248e-01,1.185305352415039692e+01
-9.061461059300798482e+00,3.308998387904117777e+01,-4.776039469965820849e+00,-2.518647026945077805e-01,1.185389152658758150e+01
-8.913344073955295599e+00,3.426553330276771447e+01,-4.897887083109500495e+00,-2.343066022480727317e-01,1.185765337988514290e+01
-8.627221537764496517e+00,3.541569216237966344e+01,-5.014195856348317548e+00,-2.304655104079403050e-01,1.185998693103455892e+01
