6.000000000000000000e+00,0.000000000000000000e+00,1.562981419696414687e+00,0.000000000000000000e+00,1.200000000000000000e+01
6.004721656904360216e+00,1.196496079246719857e+00,1.574594843601036187e+00,4.686984634349612711e-02,1.193025131473126876e+01
5.986303558073695186e+00,2.389067937932676244e+00,1.597935339379214170e+00,4.749906383396451659e-02,1.192457166466493845e+01
5.939904240473823371e+00,3.580516995757251131e+00,1.621545475698049854e+00,4.798723402616535127e-02,1.192302610720440015e+01
5.865261731355077224e+00,4.770520076308119251e+00,1.645360317277493989e+00,4.832646574439540543e-02,1.192437232158138727e+01
5.762194794839511580e+00,5.958607486794647912e+00,1.669317809813356313e+00,4.854636565784359314e-02,1.192718958211424862e+01
5.630610594224636500e+00,7.144170042291326794e+00,1.693353719445673367e+00,4.861921970979427021e-02,1.193023256919595809e+01
5.470531291246722994e+00,8.326504283032626574e+00,1.717374578159226006e+00,4.846292428714774059e-02,1.193277722238998351e+01
5.282143283706512982e+00,9.504880475589878586e+00,1.741234582276675269e+00,4.795255084866653639e-02,1.193459007603446409e+01
5.065864841363536542e+00,1.067860868781478700e+01,1.764718079807586992e+00,4.693210572457237606e-02,1.193572407184126760e+01
4.822427714877338900e+00,1.184709770413027563e+01,1.787527562803627124e+00,4.522631160949968504e-02,1.193635154005811927e+01
4.552966397122268027e+00,1.300991233468709751e+01,1.809278196259031191e+00,4.265609175549468085e-02,1.193667458398965309e+01
4.259106791375629975e+00,1.416683271850565973e+01,1.829499401635628297e+00,3.905200498298942030e-02,1.193688233568660095e+01
3.943050159770940422e+00,1.531791473302758888e+01,1.847634867385963719e+00,3.423475180551882602e-02,1.193712581916611271e+01
3.607670675268222826e+00,1.646355252204569553e+01,1.863010118577982377e+00,2.790394010078538212e-02,1.193749194608295028e+01
3.256698502436435660e+00,1.760455925423431012e+01,1.874704848771859389e+00,1.936466227615231406e-02,1.193796914983711588e+01
2.895135254264963987e+00,1.874230756184776325e+01,1.881275049289349521e+00,7.193481425016167059e-03,1.193841577407454935e+01
2.529992331229391489e+00,1.987894956975776495e+01,1.880560662072862321e+00,-1.008117375289256656e-02,1.193864111106054438e+01
2.170912302131891902e+00,2.101753319636090822e+01,1.870265232396432165e+00,-3.152859997358681277e-02,1.193874530218667118e+01
1.829725063326653522e+00,2.216161859506212650e+01,1.849124394663379078e+00,-5.387166289820705806e-02,1.193922328937054900e+01
1.518901572469307792e+00,2.331439287440009522e+01,1.817583586934945261e+00,-7.343647920787092775e-02,1.194062719949665663e+01
1.254308758173375171e+00,2.448028509453810031e+01,1.764928242881846909e+00,-1.381931721608920804e-01,1.197293657990073967e+01
1.063897721471382729e+00,2.566249438742890376e+01,1.696125060439897636e+00,-1.372904669079772766e-01,1.198069327843857934e+01
9.551695414808958340e-01,2.685554505402243208e+01,1.627092652318843147e+00,-1.389735839337248036e-01,1.198396231880304796e+01
9.295528950528345602e-01,2.805338828690456410e+01,1.557083708843276959e+00,-1.411182318702692562e-01,1.198327427624301933e+01
9.883934916718000174e-01,2.924985637645422187e+01,1.486074846938483907e+00,-1.429667966441195703e-01,1.198004125381797280e+01
1.132415329118938496e+00,3.043868998402112780e+01,1.414292433818918004e+00,-1.442614447108107323e-01,1.197561422877932813e+01
1.361553785057693533e+00,3.161362724292623483e+01,1.342032772645350924e+00,-1.449571900255098578e-01,1.197104047460471321e+01
1.674943813848037477e+00,3.276849953912440583e+01,1.269581950693901007e+00,-1.451192256920156576e-01,1.196696165999962247e+01
2.070980726059231447e+00,3.389731151256772534e+01,1.197180293377911431e+00,-1.448511879328971130e-01,1.196366312582814828e+01
2.547403460483790294e+00,3.499430643054471091e+01,1.125027384546889442e+00,-1.442054761424919340e-01,1.196119577656491728e+01
3.101342818995404205e+00,3.605404042703074907e+01,1.053359427749794852e+00,-1.429845260706908705e-01,1.195948264342018774e+01
3.729223351172833212e+00,3.707155255478128453e+01,9.827066711800760412e-01,-1.402246670791360839e-01,1.195837446343161403e+01
4.426366452551421027e+00,3.804282774166203041e+01,9.143103194669742750e-01,-1.340745711367703208e-01,1.195765672390426460e+01
5.186644025678337044e+00,3.896547319115230579e+01,8.495397515664780963e-01,-1.258637389478665380e-01,1.195716241016550541e+01
6.003633273869192877e+00,3.983823156325507853e+01,7.874416070921171906e-01,-1.234776662117093859e-01,1.195633137987935513e+01
6.872742533595411096e+00,4.065910317927625073e+01,7.264533145026133010e-01,-1.214534421754518700e-01,1.195704725889773101e+01
7.789940856952859427e+00,4.142598816971974429e+01,6.664710878513158132e-01,-1.194624021397886759e-01,1.195775140219448573e+01
8.751169894656165127e+00,4.213703323177900018e+01,6.074780725098248846e-01,-1.175040021047101813e-01,1.195844400215851522e+01
9.757039446536049709e+00,4.279180126370400217e+01,5.455301818550041260e-01,-1.302521838701747314e-01,1.204951778317943578e+01
1.081202946076529869e+01,4.338572976140665105e+01,4.800482432387824239e-01,-1.292591428507607887e-01,1.216848255504521958e+01
1.190870217565691824e+01,4.391136327324679201e+01,4.135136813242532017e-01,-1.332051590086218984e-01,1.215868220184891868e+01
1.303653629232361055e+01,4.436078890831204546e+01,3.442892827391204613e-01,-1.401944934281179056e-01,1.212779120011931155e+01
1.419134766727322905e+01,4.472874008486147090e+01,2.722342397583158435e-01,-1.447096448536657753e-01,1.211772899179579355e+01
1.536994862484716862e+01,4.501137999027378811e+01,1.982335291878531691e-01,-1.477747791411939682e-01,1.212814555943958084e+01
1.656750654979845550e+01,4.520528671415210908e+01,1.225378906990133715e-01,-1.510308290443709289e-01,1.214074601453295088e+01
1.777744297138430696e+01,4.530705961267696580e+01,4.497443418565461731e-02,-1.547695136880213873e-01,1.214952549968418438e+01
1.899227650189992289e+01,4.531354906376414959e+01,-3.463897089823782943e-02,-1.588156128672304490e-01,1.215390975464610435e+01
2.020399350571844721e+01,4.522210300612844946e+01,-1.163585073436592537e-01,-1.628391433840628011e-01,1.215610884526031654e+01
2.140411029478319094e+01,4.503079579450473346e+01,-2.001305565998172664e-01,-1.667179865177741971e-01,1.215637983925779864e+01
2.258368690673458445e+01,4.473859437397829453e+01,-2.858386760373832769e-01,-1.703201376171775139e-01,1.215565022513529314e+01
2.373346962377170755e+01,4.434548765058179498e+01,-3.733175363040571737e-01,-1.735704051926728053e-01,1.215463699379312246e+01
2.484403647881239863e+01,4.385256995426735216e+01,-4.623732184867608286e-01,-1.764141997208389934e-01,1.215423138088349830e+01
2.590595275931014996e+01,4.326208356646660746e+01,-5.528014535887377789e-01,-1.788473768051595525e-01,1.215499987758605727e+01
2.690991211295662566e+01,4.257742451581476928e+01,-6.444057940889721392e-01,-1.808911927801251096e-01,1.215734641625467560e+01
2.784685872286302910e+01,4.180312813798088456e+01,-7.370134181672066687e-01,-1.826132153532619151e-01,1.216104298311541143e+01
2.870809261294295212e+01,4.094483977154646226e+01,-8.304849154634510455e-01,-1.840857391108654539e-01,1.216556451548556339e+01
2.948539163404796781e+01,4.000926270114607064e+01,-9.247085477430997402e-01,-1.853591611870682998e-01,1.217036204069182048e+01
3.017114505122854595e+01,3.900409014523441442e+01,-1.019586837250573641e+00,-1.864532942425342066e-01,1.217499334780350040e+01
3.075849238709523803e+01,3.793792410125788450e+01,-1.115021969113312528e+00,-1.873590339083946454e-01,1.217916048826908337e+01
3.124146309964197954e+01,3.682017846084871593e+01,-1.210903178935392788e+00,-1.880436543637952762e-01,1.218271449135760065e+01
3.161511134498108788e+01,3.566096368134193995e+01,-1.307097982487663179e+00,-1.884609818966433981e-01,1.218559541313694083e+01
3.187563933751470557e+01,3.447094872881717720e+01,-1.403447271432463506e+00,-1.885569097176122977e-01,1.218782440318592108e+01
3.202050279831797752e+01,3.326119542860556066e+01,-1.499763079716539993e+00,-1.882738940158403818e-01,1.218951427574922519e+01
3.204848915742370963e+01,3.204296637927549085e+01,-1.595829097572939004e+00,-1.875566469130429126e-01,1.219086903357356633e+01
3.195975871111594557e+01,3.082751409979018220e+01,-1.691404638131906779e+00,-1.863601316570908661e-01,1.219214489320305006e+01
3.175584132446749663e+01,2.962586374759602137e+01,-1.786232357619045974e+00,-1.846574816271403519e-01,1.219358517414508114e+01
3.143958586574154523e+01,2.844860250339537799e+01,-1.880048731091583436e+00,-1.824445572126486836e-01,1.219536254205313242e+01
3.101506464066930491e+01,2.730568737000636759e+01,-1.972595421067445676e+00,-1.797403341676458988e-01,1.219754369977835751e+01
3.048743955798478567e+01,2.620628137018941572e+01,-2.063629829538668137e+00,-1.765842755488399862e-01,1.220007255524330247e+01
2.986279950906102343e+01,2.515862454663085401e+01,-2.152933436892108698e+00,-1.730304899646272765e-01,1.220278931224394725e+01
2.914797904422839281e+01,2.416994146908377772e+01,-2.240316913296404699e+00,-1.691400758689531325e-01,1.220548826957254462e+01
2.835036788765185278e+01,2.324638457700201499e+01,-2.325622098729732912e+00,-1.649749910233799244e-01,1.220798558294099934e+01
2.747772025305416932e+01,2.239301271079564515e+01,-2.408722171597255102e+00,-1.605957761672851536e-01,1.221016381657277705e+01
2.653797227387897806e+01,2.161380428124090969e+01,-2.489521666401885991e+00,-1.560627279299017234e-01,1.221198272468554435e+01
2.553907475813176831e+01,2.091170345497151928e+01,-2.567957402182939219e+00,-1.514385655489366433e-01,1.221346578421855611e+01
2.448884703441737898e+01,2.028869602216327195e+01,-2.644000537407901863e+00,-1.467908842354020416e-01,1.221467610738232779e+01
2.339485621680281469e+01,1.974591009736814939e+01,-2.717659418024533480e+00,-1.421936179877533180e-01,1.221569018525505967e+01
2.226432479510649642e+01,1.928373575359163894e+01,-2.788982688302421131e+00,-1.377273009712206564e-01,1.221657496391984665e+01
2.110406787501898762e+01,1.890195707045013407e+01,-2.858062133399797755e+00,-1.334781955926935826e-01,1.221737297529726973e+01
1.992045972957871669e+01,1.859988996681962092e+01,-2.925034832193493806e+00,-1.295365771775974228e-01,1.221809839102706619e+01
1.871942794443569014e+01,1.837651966505519852e+01,-2.990084388551175643e+00,-1.259946550648055053e-01,1.221874264127433207e+01
1.750647264050803997e+01,1.823063256660314480e+01,-3.053441215543084564e+00,-1.229445735830000386e-01,1.221928499223013986e+01
1.628670802309507692e+01,1.816093838302035834e+01,-3.115381978613184888e+00,-1.204767018023685798e-01,1.221970302836381350e+01
1.506492361626198750e+01,1.816617925435605230e+01,-3.176228316340592883e+00,-1.186781480740310146e-01,1.221997985772291173e+01
1.384566274338993708e+01,1.824522313266436058e+01,-3.236344870416808295e+00,-1.176312510052918980e-01,1.222010760363547988e+01
1.263331598656494670e+01,1.839713888938505448e+01,-3.296136535089689623e+00,-1.174118025017883427e-01,1.222008789161411357e+01
1.143222743106201733e+01,1.862125047892336838e+01,-3.356044734443136335e+00,-1.180868155261475400e-01,1.221993081230601064e+01
1.024681141973294096e+01,1.891716713462062316e+01,-3.416542481032647238e+00,-1.197117838139177132e-01,1.221965319503589598e+01
9.081677226137207626e+00,1.928478608879405343e+01,-3.478127961760105968e+00,-1.223274494046493882e-01,1.221927690291503765e+01
7.941758374875645288e+00,1.972426380810109237e+01,-3.541316408005415362e+00,-1.259561157273433041e-01,1.221882760337968321e+01
6.832442180271203647e+00,2.023595135156201152e+01,-3.606630005107275938e+00,-1.305974905468816893e-01,1.221833442358593302e+01
5.759693335994898966e+00,2.082028935379436874e+01,-3.674585567834284472e+00,-1.362240179042169541e-01,1.221783050844810248e+01
4.730162994311265301e+00,2.147765857800699152e+01,-3.745679705698505391e+00,-1.427758124222079927e-01,1.221735443301237112e+01
3.751271807949615678e+00,2.220818343394335770e+01,-3.820371387789761819e+00,-1.501559155421360314e-01,1.221695201236504147e+01
2.831252368029101518e+00,2.301148896923671572e+01,-3.899062409006473828e+00,-1.582275780197693882e-01,1.221667722349743457e+01
1.979134289362955101e+00,2.388641725967219642e+01,-3.982077210891452168e+00,-1.668156160738538951e-01,1.221659252505058291e+01
1.204655164514819354e+00,2.483071664522391231e+01,-4.069644178627830122e+00,-1.757123213569493358e-01,1.221676767709363887e+01
5.180832095382692515e-01,2.584072538192450708e+01,-4.161879600192858852e+00,-1.846836420982890525e-01,1.221727891398324317e+01
-7.005877046255862273e-02,2.691107760266324078e+01,-4.258772086172406546e+00,-1.934667436831701004e-01,1.221820652071699698e+01
-5.493759075678241732e-01,2.803446320698950345e+01,-4.360161518213153009e+00,-2.017537843194346092e-01,1.221962256417303649e+01
-9.100953131951947661e-01,2.920147863502299757e+01,-4.465709760148609320e+00,-2.091794563177458433e-01,1.222156779165571905e+01
-1.143659235421965681e+00,3.040061610579220641e+01,-4.574878481000792974e+00,-2.153629674411051964e-01,1.222401211431473556e+01
-1.243354961926557589e+00,3.161844550568460122e+01,-4.686950259098629168e+00,-2.200294748553556501e-01,1.222684808558247838e+01
-1.204856770871044036e+00,3.284001454189874636e+01,-4.801111585478682997e+00,-2.231163498631717756e-01,1.222994120753169867e+01
-1.026564036390438250e+00,3.404941846597657928e+01,-4.916540511282640580e+00,-2.246767859049590699e-01,1.223314585077962136e+01
-7.097786149606255535e-01,3.523046042421344737e+01,-5.032319529021950011e+00,-2.243167003909014856e-01,1.223630024658482185e+01
-2.591048995337688066e-01,3.636751051097390075e+01,-5.146748777555197663e+00,-2.195069205137455126e-01,1.223918265585257004e+01
3.162036184047037346e-01,3.744722340873461519e+01,-5.255792777263877724e+00,-2.039703771705909940e-01,1.224137243631402683e+01
1.000660274214976164e+00,3.846157019447799286e+01,-5.353904596409852168e+00,-1.780755020705089842e-01,1.224194730828819289e+01
1.776592770993763226e+00,3.940765317336013851e+01,-5.444436549064762154e+00,-1.751562315447628970e-01,1.223798095897198834e+01
