6.000000000000000000e+00,0.000000000000000000e+00,1.562981419696414687e+00,0.000000000000000000e+00,1.200000000000000000e+01
6.004818996618650040e+00,1.195982401259032768e+00,1.574346183742149297e+00,4.589328216491719153e-02,1.191997946151478516e+01
5.987013432093491794e+00,2.389376783692660489e+00,1.597095412913336343e+00,4.602589058773166181e-02,1.195107939136696373e+01
5.941898953390302829e+00,3.585152474464944117e+00,1.619908518367449091e+00,4.591270839706911716e-02,1.198196824006116756e+01
5.869331757515352521e+00,4.781277260656748851e+00,1.642946217036224787e+00,4.679825588501109607e-02,1.198504254253525403e+01
5.768932335489973084e+00,5.975795419968894961e+00,1.666422729899169175e+00,4.764398400390385674e-02,1.199010856639831246e+01
5.640193338901071662e+00,7.168448526351808070e+00,1.690272669919573589e+00,4.823012730171579582e-02,1.200208494957776750e+01
5.482744943934238613e+00,8.358671412531545997e+00,1.714399060783023065e+00,4.867205040263814647e-02,1.201033214527385695e+01
5.296476603792544147e+00,9.545048684185339027e+00,1.738673239091639067e+00,4.879692821616948145e-02,1.200847501079803692e+01
5.081615456186909796e+00,1.072598111170802682e+01,1.762815727568189716e+00,4.819172987202339359e-02,1.199849642484816670e+01
4.838835852569644658e+00,1.190034582143310971e+01,1.786355512632189946e+00,4.646754316437492344e-02,1.198600537465263116e+01
4.569384247868727655e+00,1.306770463631943180e+01,1.808679458445568988e+00,4.339492950166225910e-02,1.197555037878163020e+01
4.275185498624997749e+00,1.422819632128514300e+01,1.829102404226002010e+00,3.888283725689607034e-02,1.196891607621876119e+01
3.958920432217573282e+00,1.538236025713703370e+01,1.846904584494318380e+00,3.287609765658764532e-02,1.196562652048348596e+01
3.624099045101188299e+00,1.653103530550811584e+01,1.861305748263655024e+00,2.519379477109997406e-02,1.196414153927032586e+01
3.275202173010632212e+00,1.767537186888829481e+01,1.871341928396297760e+00,1.528556109599900695e-02,1.196280777835258036e+01
2.918008047368152447e+00,1.881694934562301569e+01,1.875650849478614379e+00,2.098024403046261713e-03,1.196031139584266256e+01
2.560114464779862598e+00,1.995794237965741758e+01,1.872414416491298805e+00,-1.516008693200563383e-02,1.195582803924421000e+01
2.211250033182219799e+00,2.110113538197112248e+01,1.859884820711841025e+00,-3.541952872427289040e-02,1.194911305246326094e+01
1.882765041528884353e+00,2.224950906705183229e+01,1.837200765852972539e+00,-5.616685456418105127e-02,1.194001330780271530e+01
1.586259672869274828e+00,2.340600023849275857e+01,1.804829771588392084e+00,-7.448879930123952775e-02,1.193894731332947146e+01
1.335441453782555632e+00,2.457321343465208940e+01,1.756186477787061939e+00,-1.214583833617196712e-01,1.194057151681134954e+01
1.151740623214772663e+00,2.575030322094763591e+01,1.694595696770917037e+00,-1.267221688431417470e-01,1.188995611807640174e+01
1.042981598291903733e+00,2.693150266582064489e+01,1.629965666120519519e+00,-1.346829844495759931e-01,1.183809108383855602e+01
1.012769164275457046e+00,2.811263665235469489e+01,1.562358663673908632e+00,-1.396781206266449193e-01,1.179681646904683845e+01
1.063380717663457320e+00,2.928938957957052125e+01,1.493042770219855875e+00,-1.423908605666111549e-01,1.176471644311518006e+01
1.195609462406625800e+00,3.045706812523601315e+01,1.422938203717365901e+00,-1.434886338547956552e-01,1.174292778748131028e+01
1.409169918785801778e+00,3.161099042662256764e+01,1.352644239358333778e+00,-1.435431868639767683e-01,1.173226723486002143e+01
1.703050325924268193e+00,3.274650961442459618e+01,1.282485624038327776e+00,-1.430849015288921944e-01,1.173118502511319150e+01
2.075748319055553015e+00,3.385890367772095999e+01,1.212586277942389934e+00,-1.424420180940068059e-01,1.173696247110281021e+01
2.525359275253894697e+00,3.494331565502303505e+01,1.142989638281149745e+00,-1.416848615946462719e-01,1.174627189546703576e+01
3.049529359014779395e+00,3.599479529930979282e+01,1.073784690790598795e+00,-1.406360849060895868e-01,1.175619409329635090e+01
3.645322873664838426e+00,3.700848515348819490e+01,1.005234379692777402e+00,-1.388331156486312112e-01,1.176467796728881510e+01
4.309061335265767845e+00,3.797990477088119832e+01,9.377709442396173767e-01,-1.360990554467179647e-01,1.177023173810469103e+01
5.036476967937787208e+00,3.890529634759761279e+01,8.717007410797582567e-01,-1.331036693527988257e-01,1.177535967577034981e+01
5.823043590223750066e+00,3.978146580625425344e+01,8.069763550461230839e-01,-1.305989092329544188e-01,1.177750901817920237e+01
6.664364340541606424e+00,4.060562521750038201e+01,7.433895799920662295e-01,-1.284579435078240794e-01,1.178115641132379920e+01
7.556234712744569038e+00,4.137536137543583692e+01,6.808374686598180903e-01,-1.263520755814663277e-01,1.178474401113816228e+01
8.494402473882804117e+00,4.208853790054574517e+01,6.193031312509434949e-01,-1.242807300801308523e-01,1.178827279784081128e+01
9.474619241179389917e+00,4.274336125944022768e+01,5.587699612753633804e-01,-1.222433410624237660e-01,1.179174373558112876e+01
1.049266356903766528e+01,4.333836512685497411e+01,4.992216302665461458e-01,-1.202393518646790727e-01,1.179515777270275834e+01
1.154436165684345639e+01,4.387239396525700386e+01,4.406420826257831380e-01,-1.182682149488646361e-01,1.179851584200272185e+01
1.262560577190470212e+01,4.434458604822256689e+01,3.830155305909321295e-01,-1.163293917529815702e-01,1.180181886098629107e+01
1.373237049237918050e+01,4.475435613015494596e+01,3.263264493252366338e-01,-1.144223525439162503e-01,1.180506773211766713e+01
1.486072688284027699e+01,4.510137794237188302e+01,2.705595721220285244e-01,-1.125465762727045627e-01,1.180826334306655667e+01
1.600685472054570013e+01,4.538556667424450097e+01,2.156998857213196508e-01,-1.107015504321684218e-01,1.181140656695071556e+01
1.716705289380738719e+01,4.560706157799863547e+01,1.617326257344707252e-01,-1.088867709168869491e-01,1.181449826257447810e+01
1.833774809539559669e+01,4.576620881705090937e+01,1.086432721733006784e-01,-1.071017418854626202e-01,1.181753927466341381e+01
1.951550193390556487e+01,4.586354466037144562e+01,5.641754508016463138e-02,-1.053459756250451906e-01,1.182053043409516491e+01
2.069701658471050365e+01,4.589977910934669580e+01,5.041400255686168987e-03,-1.036189924180771771e-01,1.182347255812639375e+01
2.187913909973480386e+01,4.587578002894227325e+01,-4.549897491902354929e-02,-1.019203204112234251e-01,1.182636645061612413e+01
2.306244494685234514e+01,4.578188454995319034e+01,-1.214398432049942494e-01,-2.039340870395874861e-01,1.191988596506201858e+01
2.425836059328772976e+01,4.556604977323061689e+01,-2.406610567788389499e-01,-2.602039674509370459e-01,1.239925373649582596e+01
2.544790013368445969e+01,4.518969367571259710e+01,-3.690918775715022471e-01,-2.264273116171749423e-01,1.257104943486752546e+01
2.658119972724487212e+01,4.467089130401056707e+01,-4.901998031241392995e-01,-2.339213346731818799e-01,1.237227888146606603e+01
2.761615435476463531e+01,4.403241030560155167e+01,-6.178443798013919519e-01,-2.620116968025763549e-01,1.196533510108852383e+01
2.854004504472418091e+01,4.327940141405989039e+01,-7.495665777911104666e-01,-2.588433595174087221e-01,1.188966205626265804e+01
2.936697560232459381e+01,4.240559954320186620e+01,-8.736949969288956286e-01,-2.289549522276883020e-01,1.218691455987710270e+01
3.010192497602676553e+01,4.141681419506802797e+01,-9.879173473356724910e-01,-2.110505812790157143e-01,1.246667279058938860e+01
3.072865597836850426e+01,4.033870369318897531e+01,-1.101444650289963301e+00,-2.211943795701211135e-01,1.248756844329812310e+01
3.122290300132608820e+01,3.920023206465666732e+01,-1.222902579040548554e+00,-2.423332154518171855e-01,1.235024940873650934e+01
3.156600091575102240e+01,3.802308907924604142e+01,-1.352915581796102273e+00,-2.583330214266057467e-01,1.218952500742850376e+01
3.174858597250655379e+01,3.682392885811202632e+01,-1.486794258418235204e+00,-2.618699929545145189e-01,1.208821879702100688e+01
3.176969631270605987e+01,3.561875480034912300e+01,-1.619264364532149170e+00,-2.562107081771760608e-01,1.203659574398552579e+01
3.163448766741939266e+01,3.442568791417862428e+01,-1.747179825713442103e+00,-2.466865385780987463e-01,1.199386340989341093e+01
3.135271487279592506e+01,3.326336276032156292e+01,-1.869085531366854402e+00,-2.353460578989611807e-01,1.194078496074029871e+01
3.093738619773883514e+01,3.214742171877504973e+01,-1.983904873520876189e+00,-2.216207332426049503e-01,1.188677128263635296e+01
3.040328145618784106e+01,3.108839420556596878e+01,-2.090505427686845330e+00,-2.052899172210665979e-01,1.184624571989716202e+01
2.976555487179875925e+01,3.009178450170278296e+01,-2.188028094919391542e+00,-1.871964016848879919e-01,1.182683005869745330e+01
2.903884856902059752e+01,2.915949490884006323e+01,-2.276244692110430456e+00,-1.690222819817539801e-01,1.182203950936106907e+01
2.823688430864714505e+01,2.829141768498957887e+01,-2.355593935632878999e+00,-1.521201261872077992e-01,1.182061633222420127e+01
2.737226547413909827e+01,2.748641737961738585e+01,-2.426939449536616333e+00,-1.372319694173095017e-01,1.181142510351622477e+01
2.645626641017516434e+01,2.674272738805014171e+01,-2.491284100042356453e+00,-1.243967306145164903e-01,1.179035089983678830e+01
2.549865240777302944e+01,2.605805373870113328e+01,-2.549579176637618350e+00,-1.134183652043329049e-01,1.175700697422116292e+01
2.450756434403102801e+01,2.542964209876890891e+01,-2.602648940163785785e+00,-1.039333079502549884e-01,1.171621220460948010e+01
2.348947556882758292e+01,2.485434825342138510e+01,-2.651177872002072444e+00,-9.565192650453777090e-02,1.167383866391747560e+01
2.244942615500033156e+01,2.432887466488533690e+01,-2.695763505195673648e+00,-8.846059405599338010e-02,1.163324399266918263e+01
2.139130362793373408e+01,2.385000855680916132e+01,-2.736956840639405808e+00,-8.227399711941241200e-02,1.159713969363882313e+01
2.031825218237629826e+01,2.341486146165062721e+01,-2.775302143417184730e+00,-7.718999430113632210e-02,1.156279736028509575e+01
1.923283579092697337e+01,2.302097015089985277e+01,-2.811321040989960718e+00,-7.305834810574149407e-02,1.153199226934561494e+01
1.813714928122336545e+01,2.266629208860263489e+01,-2.845491691415346303e+00,-6.988025664362340628e-02,1.150236921780852839e+01
1.703308191563596097e+01,2.234926343390293368e+01,-2.878264949808469364e+00,-6.758704164957873850e-02,1.147231273213773761e+01
1.592229877903890234e+01,2.206873106459108058e+01,-2.910036079424447308e+00,-6.604068978967136960e-02,1.144185755921598258e+01
1.480620729220223808e+01,2.182386835848446083e+01,-2.941132229877242654e+00,-6.510195466592888502e-02,1.141179129825110650e+01
1.368609375353300806e+01,2.161414268966348118e+01,-2.971839448259486538e+00,-6.475197040455601960e-02,1.138067451619827963e+01
1.256312113234478822e+01,2.143928056107461444e+01,-3.002408979177331183e+00,-6.487017914007509045e-02,1.135031633798983464e+01
1.143820911095846782e+01,2.129920604844751963e+01,-3.033052109477680336e+00,-6.539542437660489371e-02,1.132256159899498726e+01
1.031212885714022853e+01,2.119404522890697606e+01,-3.063976141217924276e+00,-6.636452616851337694e-02,1.129793773704156834e+01
9.185599735160701940e+00,2.112416051889789514e+01,-3.095412998343821442e+00,-6.784425102881799785e-02,1.127688593211913215e+01
8.059562350730082869e+00,2.109021122839149953e+01,-3.127669283654312515e+00,-7.011324299382049041e-02,1.125507174734566007e+01
6.934909636934457389e+00,2.109321017801231335e+01,-3.161072291001908230e+00,-7.297127431744615533e-02,1.123910826325869294e+01
5.812342946729327942e+00,2.113451348253358120e+01,-3.195948345003548852e+00,-7.657563833088024130e-02,1.122855609003139676e+01
4.692749332611779067e+00,2.121588420087291027e+01,-3.232687386706347255e+00,-8.103522337542359844e-02,1.122364031447374444e+01
3.577462110980289545e+00,2.133953296547388589e+01,-3.271767643711986917e+00,-8.663580430372397334e-02,1.122019966840139205e+01
2.468420654399924530e+00,2.150816446058835041e+01,-3.313739955967490491e+00,-9.342977487174500273e-02,1.121721826914556175e+01
1.367251445285598166e+00,2.172508707233378544e+01,-3.359012421720392272e+00,-1.006106002129489585e-01,1.123133832331091142e+01
2.765407356817879969e-01,2.199387031243686863e+01,-3.408098702633887811e+00,-1.094701915375007328e-01,1.123773122824007586e+01
-7.995068471795682141e-01,2.231836161733452428e+01,-3.461639471159934089e+00,-1.193961766158351256e-01,1.124314811572504169e+01
-1.854706361153220850e+00,2.270223035222403851e+01,-3.520298263019334684e+00,-1.313611336731408952e-01,1.121715331961422635e+01
-2.879756428872752405e+00,2.314819947195015715e+01,-3.584683606127644140e+00,-1.447953961389416011e-01,1.114395514441936896e+01
-3.868963368289451310e+00,2.366006409245184372e+01,-3.654280500397800058e+00,-1.544484209468678926e-01,1.113640972421115194e+01
-4.822928079654730027e+00,2.424402515126434920e+01,-3.728021578840917005e+00,-1.609951295174615327e-01,1.123881118924299471e+01
-5.740726039161232919e+00,2.490634412175614543e+01,-3.805941639475594496e+00,-1.681428958519797234e-01,1.140334320536743817e+01
-6.615051684999746939e+00,2.565102660421069203e+01,-3.888964502997381167e+00,-1.771298009885262648e-01,1.157277725652017963e+01
-7.433081398979487275e+00,2.647890877931108022e+01,-3.977815804221314977e+00,-1.870727516933083923e-01,1.171200798207265237e+01
-8.179229312045785960e+00,2.738742120411266612e+01,-4.072649025616854601e+00,-1.972516816206447698e-01,1.180962368587320555e+01
-8.837430009761645167e+00,2.837094713861567641e+01,-4.173524025256027059e+00,-2.082690764375956793e-01,1.186939428403198704e+01
-9.392079695444722987e+00,2.942148152604567457e+01,-4.280758100951199907e+00,-2.204503497063233231e-01,1.190127653106352312e+01
-9.829034465517120012e+00,3.052860608974590306e+01,-4.392631177977335710e+00,-2.253847367799637347e-01,1.191579909891202149e+01
-1.014009304233349873e+01,3.167853354347445460e+01,-4.502740183996422729e+00,-2.132848429272889423e-01,1.192135905409032404e+01
-1.032576227233242250e+01,3.285562135946484830e+01,-4.608842351430495476e+00,-2.097883700924154105e-01,1.192264824992490801e+01
