6.000000000000000000e+00,0.000000000000000000e+00,1.562981419696414687e+00,0.000000000000000000e+00,1.200000000000000000e+01
6.004614500448311354e+00,1.197464043577390447e+00,1.574871519294478661e+00,4.793390229010706383e-02,1.194960914147364761e+01
5.985536529300888198e+00,2.392958584560130220e+00,1.598631495223350685e+00,4.789306192510138505e-02,1.196388848771372793e+01
5.938024747993612351e+00,3.588939471076985743e+00,1.622354367016410004e+00,4.768255450596592393e-02,1.197515777055999919e+01
5.862137294995959813e+00,4.784332171469021233e+00,1.646030942282594944e+00,4.763724061229697437e-02,1.198138320383192834e+01
5.757937765895508875e+00,5.978025228912201783e+00,1.669703221931685855e+00,4.763087840952888452e-02,1.198382246089034808e+01
5.625507154169121726e+00,7.169076072090110330e+00,1.693345266831418394e+00,4.750320514040012876e-02,1.198454730923128864e+01
5.465012989645427588e+00,8.356701982448731414e+00,1.716867698922377228e+00,4.714787872045078654e-02,1.198443184041429177e+01
5.276774725528841969e+00,9.540193230851979678e+00,1.740133470517339909e+00,4.647617239914308973e-02,1.198346301956225091e+01
5.061318124827012710e+00,1.071890031080090466e+01,1.762957986064692451e+00,4.538479599237836559e-02,1.198179734446443589e+01
4.819424611266772018e+00,1.189228738328798229e+01,1.785103532677326577e+00,4.376039969476600011e-02,1.197990841702700138e+01
4.552181510532140152e+00,1.305998516102684803e+01,1.806278189881255658e+00,4.149375963290199976e-02,1.197831016046060171e+01
4.261032565320837406e+00,1.422182464237925714e+01,1.826138557554644715e+00,3.848304979830309558e-02,1.197736432377941185e+01
3.947830664107589538e+00,1.537786135821876243e+01,1.844284107648107351e+00,3.459800487996550489e-02,1.197722344719615961e+01
3.614917872039382196e+00,1.652840502539107348e+01,1.860210982794221701e+00,2.955264478948475826e-02,1.197783443507156420e+01
3.265312991423487521e+00,1.767408235459871335e+01,1.873157799894900943e+00,2.259711444238558797e-02,1.197896151834380518e+01
2.903178760041413398e+00,1.881599128927342690e+01,1.881756905443130012e+00,1.204093685097293656e-02,1.198022139381436801e+01
2.534721768505669104e+00,1.995599784019680811e+01,1.883711287114104849e+00,-4.168404505289677840e-03,1.198121493105250224e+01
2.169081311141068724e+00,2.109699503883339489e+01,1.876353212151583350e+00,-2.546541456629500266e-02,1.198187544914662439e+01
1.818033706403980654e+00,2.224262218767995947e+01,1.858025451185637777e+00,-4.831516757687159130e-02,1.198256846503586814e+01
1.494330695697756894e+00,2.339625633886018008e+01,1.829021187996994646e+00,-6.836623168272946971e-02,1.198204077199165596e+01
1.215739801452024871e+00,2.456246050261488989e+01,1.774812362083927120e+00,-1.487968497788462185e-01,1.200128907507187748e+01
1.016794310401670787e+00,2.574494075311613628e+01,1.700068865213248293e+00,-1.497159198306184380e-01,1.198627789778190333e+01
9.068759861243310683e-01,2.693752426683273171e+01,1.625419870722803362e+00,-1.487830916096853362e-01,1.197205032903213606e+01
8.859156950780476825e-01,2.813364445914154999e+01,1.551279092099020263e+00,-1.480403497092326326e-01,1.195950703138513305e+01
9.532869413275487647e-01,2.932683597074060344e+01,1.477559979603424667e+00,-1.474151688663958848e-01,1.194774593946758046e+01
1.107969357823235246e+00,3.051071702177236489e+01,1.404250738366689344e+00,-1.467005644969960887e-01,1.193647128306200500e+01
1.348470620525099140e+00,3.167909596098903435e+01,1.331399912328363300e+00,-1.458611208908065504e-01,1.192630055051407112e+01
1.672846479447469115e+00,3.282607056908214815e+01,1.259043161580142733e+00,-1.449648926092118595e-01,1.191811583951212938e+01
2.078780689092992073e+00,3.394604170861367010e+01,1.187176905524365056e+00,-1.440837444986507454e-01,1.191235941887889993e+01
2.563642706104021673e+00,3.503367040648105757e+01,1.115782771729330936e+00,-1.432018004112102227e-01,1.190889021644109746e+01
3.124475719670441354e+00,3.608385633319052488e+01,1.044898112174711180e+00,-1.421221718836608305e-01,1.190722031992039120e+01
3.757870078953025494e+00,3.709182195229901424e+01,9.747983789937408883e-01,-1.401092339269878195e-01,1.190675525247715072e+01
4.459631094818510277e+00,3.805343888231828942e+01,9.063014772555166854e-01,-1.357543340535595222e-01,1.190693725667194158e+01
5.224493531744880848e+00,3.896575266399466386e+01,8.403666251855665958e-01,-1.299032143239929327e-01,1.190771862593810226e+01
6.046820901196180209e+00,3.982670050734851941e+01,7.765140326164093887e-01,-1.274509206800304439e-01,1.190769814949173266e+01
6.921998660258126712e+00,4.063398734881557317e+01,7.137965697191618331e-01,-1.253615613246201743e-01,1.190921129458202543e+01
7.845786534073918794e+00,4.138541040791810133e+01,6.521102519784400808e-01,-1.233064537619214529e-01,1.191069963401510989e+01
8.813912989776873985e+00,4.207903711333561603e+01,5.914379057823576646e-01,-1.212850364871357889e-01,1.191216357444109519e+01
9.822127230816347421e+00,4.271326962735700761e+01,5.317626562967991966e-01,-1.192967572004614563e-01,1.191360351584370747e+01
1.086622070940753026e+01,4.328682830466751597e+01,4.730679215846532171e-01,-1.173410726561915640e-01,1.191501985164955357e+01
1.194204628522274092e+01,4.379873455490864842e+01,4.153374068748499903e-01,-1.154174485142868134e-01,1.191641296883562617e+01
1.304553513851159430e+01,4.424829331976092561e+01,3.585550989758886087e-01,-1.135253591943804763e-01,1.191778324803505029e+01
1.417271155392060678e+01,4.463507535172607277e+01,3.027052608287798541e-01,-1.116642877321775695e-01,1.191913106364103569e+01
1.531999093212309582e+01,4.495284187902555573e+01,2.328347253383037663e-01,-1.695928738674982450e-01,1.189518201206291081e+01
1.648540781174521541e+01,4.517772356142772594e+01,1.483163258502739890e-01,-1.706370149719605711e-01,1.185019383567593110e+01
1.766711246693300552e+01,4.530475752395860667e+01,6.707977845712745357e-02,-1.562051549658025895e-01,1.192660739067247277e+01
1.886307352863024889e+01,4.533960049775907919e+01,-7.731686934129066401e-03,-1.432324494979285157e-01,1.200834453673949298e+01
2.006597425232036969e+01,4.528744777003128519e+01,-7.853453365489501681e-02,-1.386235553478910587e-01,1.207730122588709420e+01
2.126679484256090902e+01,4.515030631120679772e+01,-1.491238663551330834e-01,-1.413344765208794374e-01,1.210024699882965393e+01
2.245628628653042114e+01,4.492729103427802073e+01,-2.220730229679786227e-01,-1.474752781179007322e-01,1.210946519479229977e+01
2.362524028733657389e+01,4.461612282044428923e+01,-2.990924824501611234e-01,-1.573396072031569837e-01,1.208973082451483094e+01
2.476340741020728231e+01,4.421382394575076802e+01,-3.813877087841174851e-01,-1.686479326093743847e-01,1.206056164485221061e+01
2.586057003499084317e+01,4.371744333479171019e+01,-4.693255160927612413e-01,-1.800772840941700925e-01,1.203171486006605662e+01
2.690586769526120037e+01,4.312504997006816865e+01,-5.627838178896077403e-01,-1.908655760234054810e-01,1.200682372857468749e+01
2.788769404647466388e+01,4.243643011746119242e+01,-6.613273916431423594e-01,-2.004619386089018795e-01,1.198771495844247070e+01
2.879404881286037465e+01,4.165350846842196830e+01,-7.642747675703530641e-01,-2.083829611775145918e-01,1.197653210082187769e+01
2.961289772303780765e+01,4.078071330782802306e+01,-8.708205286011176938e-01,-2.146340027689450647e-01,1.197041473986980620e+01
3.033261312685220545e+01,3.982511768728000590e+01,-9.801244282371183170e-01,-2.191536357352636410e-01,1.196766359535991242e+01
3.094268508118279470e+01,3.879620752406523820e+01,-1.091290643524942761e+00,-2.218286895738031395e-01,1.196823705283546246e+01
3.143437638576688897e+01,3.770543712903850775e+01,-1.203369052217488022e+00,-2.225466223589182002e-01,1.197369159537715433e+01
3.180114531157096636e+01,3.656575850371050507e+01,-1.315428707744924486e+00,-2.214800722787461096e-01,1.198366819326856003e+01
3.203878443561692535e+01,3.539125573433489791e+01,-1.426682065845031655e+00,-2.190798738175756544e-01,1.199474798348494176e+01
3.214543849468400083e+01,3.419668838024480806e+01,-1.536525597886760020e+00,-2.157208228266819239e-01,1.200369662099819479e+01
3.212157897614318358e+01,3.299682311283688563e+01,-1.644466918280424572e+00,-2.115156300538376666e-01,1.201000910884407347e+01
3.196988295157117221e+01,3.180579886044770177e+01,-1.750060885425208435e+00,-2.065255589216131171e-01,1.201406766826196559e+01
3.169499771629449114e+01,3.063672771367739500e+01,-1.852916173097965302e+00,-2.008822288270035172e-01,1.201559274806103517e+01
3.130323294411598667e+01,2.950143414460371716e+01,-1.952710814346423351e+00,-1.947193339280962054e-01,1.201412870444665870e+01
3.080220272403148485e+01,2.841020606934939252e+01,-2.049173429394275381e+00,-1.880813761889133517e-01,1.201026342044040618e+01
3.020043339517537362e+01,2.737156970027623970e+01,-2.142052540509166825e+00,-1.809496926372053949e-01,1.200579893599848447e+01
2.950697523442189052e+01,2.639218730783218092e+01,-2.231114566643620734e+00,-1.733452077514167078e-01,1.200275279366228176e+01
2.873106387635554881e+01,2.547693116592716933e+01,-2.316176062179057027e+00,-1.653939039667116084e-01,1.200225233437681993e+01
2.788185282978534474e+01,2.462909229577340042e+01,-2.397141356033995141e+00,-1.573023569599816263e-01,1.200422245701770407e+01
2.696821105584513134e+01,2.385063970202272188e+01,-2.474017590230516817e+00,-1.492881645228900100e-01,1.200777059204033037e+01
2.599857155635020689e+01,2.314246687746860687e+01,-2.546902119705458656e+00,-1.415223958888581768e-01,1.201178745157092820e+01
2.498082298364297316e+01,2.250460142235907313e+01,-2.615954797149512512e+00,-1.341114727995657563e-01,1.201534652699611172e+01
2.392224090046782337e+01,2.193637900800168339e+01,-2.681370155992051973e+00,-1.271073826022390274e-01,1.201786059297259612e+01
2.282945371978211924e+01,2.143659013657163825e+01,-2.743357893777685685e+00,-1.205294907266935556e-01,1.201907113767645185e+01
2.170843521661086584e+01,2.100360785372636840e+01,-2.802133347538501962e+00,-1.143843846661126429e-01,1.201899845832598501e+01
2.056451549381959154e+01,2.063550296377502136e+01,-2.857916222005389084e+00,-1.086813285824537179e-01,1.201787384177092122e+01
1.940240685808917220e+01,2.033015294791300320e+01,-2.910935369224779468e+00,-1.034434328678870141e-01,1.201604696155007801e+01
1.822624333184748124e+01,2.008534876024642557e+01,-2.961437198253169534e+00,-9.871311642297533884e-02,1.201390544974256613e+01
1.703963455035530927e+01,1.989890128252551804e+01,-3.009695683792428689e+00,-9.455474452221841741e-02,1.201177342222405287e+01
1.584573290872739371e+01,1.976874688510190126e+01,-3.056022085940808264e+00,-9.105171190882381527e-02,1.200987752659296959e+01
1.464731178914558818e+01,1.969304987989314171e+01,-3.100773091102555501e+00,-8.830307753865555831e-02,1.200831463578085945e+01
1.344685324794311221e+01,1.967029978900001908e+01,-3.144356888506998349e+00,-8.641822542917142191e-02,1.200706794342024253e+01
1.224664232448252221e+01,1.969940105240501538e+01,-3.187236720266800383e+00,-8.551119706568029166e-02,1.200604525723874261e+01
1.104886724118767916e+01,1.977975296404840932e+01,-3.229931832999727526e+00,-8.569502776176442238e-02,1.200512310191258081e+01
9.855727328192861236e+00,1.991131716054024281e+01,-3.273015962760317699e+00,-8.707687580851379561e-02,1.200416592078083866e+01
8.669550296137158441e+00,2.009466913068548166e+01,-3.317113124916518885e+00,-8.975155382274717375e-02,1.200306109431228663e+01
7.492920254921767054e+00,2.033102869994849726e+01,-3.362890325869399177e+00,-9.379508483979080713e-02,1.200173556803636288e+01
6.328819584894406880e+00,2.062226276842558903e+01,-3.411047217363322837e+00,-9.925849099662313602e-02,1.200014752082027059e+01
5.180784007519969592e+00,2.097085242208967770e+01,-3.462302047631072188e+00,-1.061585207825988530e-01,1.199831605877403717e+01
4.053071010231327875e+00,2.137981386937199701e+01,-3.517374039724844081e+00,-1.144722715206162311e-01,1.199626543458175476e+01
2.950834477798187194e+00,2.185256329134556452e+01,-3.576961485357429638e+00,-1.241249018893101352e-01,1.199409196859268434e+01
1.880294898809283577e+00,2.239271428703096234e+01,-3.641716167481310329e+00,-1.349870498850850309e-01,1.199190951139130590e+01
8.488923368617619092e-01,2.300379936411366089e+01,-3.712216530658432934e+00,-1.468735386268077980e-01,1.198984783756510453e+01
-1.346040203745296759e-01,2.368891506643657507e+01,-3.788940747164986522e+00,-1.595454239577576705e-01,1.198808903247336843e+01
-1.060048837033387370e+00,2.445029106480362202e+01,-3.872242605115955527e+00,-1.727238149680457857e-01,1.198666736525402499e+01
-1.915985699133082143e+00,2.528881043354516933e+01,-3.962321576605153162e+00,-1.860537097527446004e-01,1.198593321778896481e+01
-2.689851206356028257e+00,2.620348841307797372e+01,-4.059182734856844554e+00,-1.991076707982928351e-01,1.198593836564408477e+01
-3.368358271281571170e+00,2.719094133998856933e+01,-4.162581665615930682e+00,-2.113370960727978809e-01,1.198666904039051673e+01
-3.938140287866283895e+00,2.824496278241442937e+01,-4.271968843266035876e+00,-2.221126310837970852e-01,1.198869454752709274e+01
-4.386568907453432864e+00,2.935625190163688458e+01,-4.386506730762284256e+00,-2.309836275813909601e-01,1.199148688177537991e+01
-4.702613334961410096e+00,3.051241300421687797e+01,-4.505197021953289749e+00,-2.378513908035460034e-01,1.199417775946128017e+01
-4.877588194060536786e+00,3.169837895606907452e+01,-4.627069176861462907e+00,-2.429785989892311315e-01,1.199675020706940032e+01
-4.905617829990590373e+00,3.289709970802904593e+01,-4.751266875455181449e+00,-2.465610160704179710e-01,1.199963791507710198e+01
-4.784079236344911834e+00,3.409027564851737679e+01,-4.876578563725648685e+00,-2.470699797619128057e-01,1.200306405921350006e+01
-4.515054364501094319e+00,3.525945559320286549e+01,-4.999750419259285650e+00,-2.383208917989865783e-01,1.200674460955778500e+01
-4.108141559443449609e+00,3.638852843755264388e+01,-5.114938782951782059e+00,-2.165818396964450665e-01,1.200972814664141453e+01
-3.578469733071195424e+00,3.746572278923274979e+01,-5.223524728655545957e+00,-2.130313177342083586e-01,1.200956866882761531e+01
