6.000000000000000000e+00,0.000000000000000000e+00,1.562981419696414687e+00,0.000000000000000000e+00,1.200000000000000000e+01
6.005260213144818948e+00,1.216629273036613723e+00,1.573432712411553025e+00,4.125655798715501671e-02,1.233293114836213711e+01
5.988557097503039550e+00,2.437742082114657372e+00,1.596113643694609285e+00,4.833414553513450812e-02,1.209213337369679486e+01
5.943435621425578574e+00,3.636443902738449641e+00,1.621011810791706198e+00,5.175833740644813358e-02,1.189950135401613629e+01
5.868879996199999560e+00,4.821566044345757973e+00,1.646098649814371928e+00,5.010557445846857555e-02,1.185042065111849929e+01
5.765326448765211609e+00,6.003883195803027206e+00,1.669945938769170857e+00,4.678687450036293077e-02,1.188700924687630867e+01
5.633982215466858179e+00,7.188103225720817058e+00,1.692319269225972089e+00,4.377296413285429455e-02,1.194311966780823830e+01
5.476316322492612798e+00,8.373879156863059947e+00,1.713460387096552129e+00,4.146676667071164807e-02,1.198156542274095493e+01
5.293859283811153560e+00,9.558551940262699276e+00,1.733604955856034691e+00,3.959428120305052284e-02,1.199165933771182502e+01
5.088152634882643355e+00,1.073921373389742939e+01,1.752836439633702392e+00,3.780826893805565997e-02,1.197766911422770342e+01
4.860736166383131440e+00,1.191371944752575551e+01,1.771120905396599277e+00,3.591672975868862722e-02,1.194906737025709909e+01
4.613123882846138279e+00,1.308092641669066403e+01,1.788388273874442103e+00,3.389343972874860750e-02,1.191487470614694821e+01
4.346769328899822149e+00,1.424052914243211632e+01,1.804588060420192708e+00,3.178988841957921391e-02,1.188137870924916051e+01
4.063049323256139544e+00,1.539276418594648987e+01,1.819687887162424467e+00,2.959886474568868692e-02,1.185188398349078831e+01
3.763314125286428169e+00,1.653814816277276023e+01,1.833599859832759860e+00,2.709221528882376634e-02,1.182737491320349754e+01
3.449076745446614467e+00,1.767733341213530096e+01,1.846005495426919163e+00,2.355820661637541766e-02,1.180739675294237934e+01
3.122484967588421867e+00,1.881114058099040065e+01,1.855986924025142981e+00,1.725991073278296956e-02,1.179084438942805768e+01
2.787248187811468991e+00,1.994081528071692944e+01,1.861631765652454806e+00,5.854908626915396146e-03,1.177652604360114630e+01
2.449690991307190036e+00,2.106824456431004933e+01,1.860427813513292783e+00,-1.079545945023061178e-02,1.176103495700184887e+01
2.118944783504155271e+00,2.219528427259681891e+01,1.850510339266233206e+00,-2.995415232342284531e-02,1.173043610479379417e+01
1.804816671729115862e+00,2.332609435537740339e+01,1.831530506854908369e+00,-4.804545742166924788e-02,1.174252205769758284e+01
1.518502614807600182e+00,2.446717918572087669e+01,1.798564703685989530e+00,-8.693159582585321954e-02,1.178768298261518943e+01
1.286170343387641912e+00,2.562615097373683426e+01,1.730089238273032404e+00,-1.904351270411799857e-01,1.185756888079004234e+01
1.153313803107298474e+00,2.680540845857401067e+01,1.636194657665769547e+00,-1.867291842081050812e-01,1.188550749447165522e+01
1.129086910813713152e+00,2.799345661874269098e+01,1.547700490342211355e+00,-1.687525236491063674e-01,1.188815339231143220e+01
1.204778795625845111e+00,2.917903482036911811e+01,1.467665910785674432e+00,-1.534608281982288991e-01,1.187802963890903207e+01
1.370649780742038804e+00,3.035419134632771332e+01,1.394438201814484968e+00,-1.420687821818558960e-01,1.186337449882899442e+01
1.618711956381558403e+00,3.151345600219574550e+01,1.326245366606517706e+00,-1.337143646852434753e-01,1.185138191491365767e+01
1.942727565913803911e+00,3.265275894874835672e+01,1.261672277754145588e+00,-1.278308953392648661e-01,1.184237204480718653e+01
2.337866831338710760e+00,3.376860483019626002e+01,1.199564655468214447e+00,-1.239949524542919013e-01,1.183628999376674962e+01
2.800414779115500519e+00,3.485769488762534962e+01,1.138946203068162522e+00,-1.219589364082045435e-01,1.183222547831642579e+01
3.327548472917957412e+00,3.591657512217925330e+01,1.078831202093840647e+00,-1.220570919872338289e-01,1.182802556105326452e+01
3.917265085418239590e+00,3.694128474540038809e+01,1.018160729001007958e+00,-1.243039735780030186e-01,1.182128173441825503e+01
4.568028597858024398e+00,3.792724083174121574e+01,9.564704571881113004e-01,-1.263488164517687362e-01,1.180958995244890097e+01
5.278048658857922071e+00,3.887036127936109153e+01,8.945740719550989706e-01,-1.253103346493839310e-01,1.180438623693808786e+01
6.044600994413493744e+00,3.976791226853892169e+01,8.335356216205642710e-01,-1.229333341148412945e-01,1.180605973408188270e+01
6.864179011129971641e+00,4.061766521235449545e+01,7.735757263039518827e-01,-1.209180335555816582e-01,1.180923908270348299e+01
7.733049466222148283e+00,4.141742165052147584e+01,7.145926007100145139e-01,-1.189357707104081591e-01,1.181236631085588051e+01
8.647438030604407189e+00,4.216520864162464477e+01,6.565702827396423524e-01,-1.169860039774506394e-01,1.181544227297300331e+01
9.603574255812910465e+00,4.285934747609914552e+01,5.994930776505438264e-01,-1.150682006335579516e-01,1.181846780948163733e+01
1.059771045540452583e+01,4.349844039666285767e+01,5.433455531295048324e-01,-1.131818366887454991e-01,1.182144374703112710e+01
1.162613866109368566e+01,4.408135675344923499e+01,4.881125344811274580e-01,-1.113263967430283691e-01,1.182437089871913294e+01
1.268520573487528580e+01,4.460721876609251524e+01,4.337790999290586647e-01,-1.095013738456016156e-01,1.182725006431390646e+01
1.377132672526889579e+01,4.507538704676206009e+01,3.803305760258951507e-01,-1.077062693563293899e-01,1.183008203047269369e+01
1.488099656077571709e+01,4.548544602080497867e+01,3.277525331681297449e-01,-1.059405928095043387e-01,1.183286757095674524e+01
1.601080017690267709e+01,4.583718936530929966e+01,2.760307812126651661e-01,-1.042038617798403538e-01,1.183560744684270283e+01
1.715742117490034602e+01,4.613060557058862088e+01,2.251513651915762193e-01,-1.024956017506625933e-01,1.183830240673052181e+01
1.831764911088755099e+01,4.636586371533835660e+01,1.751005611219512148e-01,-1.008153459842582728e-01,1.184095318694805421e+01
1.948838551348376313e+01,4.654329953302850953e+01,1.258648719077796740e-01,-9.916263539435242469e-02,1.184356051175218560e+01
2.066664872661195673e+01,4.666340183496942018e+01,7.743102333098916823e-02,-9.753701842067448446e-02,1.184612509352673904e+01
2.184957767192372557e+01,4.672679934439329230e+01,2.978596012885723412e-02,-9.593805090558142623e-02,1.184864763297712820e+01
2.303443462247509288e+01,4.673424798580354178e+01,-1.708315784485472597e-02,-9.436529597270303105e-02,1.185112881932175988e+01
2.421860707596865936e+01,4.668661866471816069e+01,-6.318895937758670089e-02,-9.281832390757681350e-02,1.185356933048041661e+01
2.539960881218612343e+01,4.658488556472585884e+01,-1.085438655769171146e-01,-9.129671204023943887e-02,1.185596983325942411e+01
2.657508021526152575e+01,4.643011498143710014e+01,-1.531600934730830144e-01,-8.980004462974368329e-02,1.185833098353385218e+01
2.778385549543463640e+01,4.612706818201964865e+01,-4.166405258869257389e-01,-7.969974113893115719e-01,1.313873742725056282e+01
2.889013410310029073e+01,4.526865560219243889e+01,-8.551863494488607387e-01,-4.846017267511779081e-01,1.509070822604355833e+01
2.973195239552801539e+01,4.397101662482543105e+01,-1.108025883842934212e+00,-2.637566134022887310e-01,1.592759703993421105e+01
3.032411218277490761e+01,4.249048051393458536e+01,-1.265648445592510551e+00,-2.039760840382285334e-01,1.599678790284191088e+01
3.068700884291085274e+01,4.097538074967118149e+01,-1.409038046007032641e+00,-2.329579151905958878e-01,1.518900622731259276e+01
3.081588455800166315e+01,3.950807375666534682e+01,-1.559037894629861087e+00,-2.486678019162417153e-01,1.429774344590177471e+01
3.073200801986649111e+01,3.811096140386950992e+01,-1.700483688170178143e+00,-2.291755511999769013e-01,1.371816785721391518e+01
3.047275780887387597e+01,3.677461040203723996e+01,-1.820439310259872157e+00,-1.894592516776087143e-01,1.352348891376730400e+01
3.007247318228238342e+01,3.547857629116817435e+01,-1.916290296282654682e+00,-1.481861358735831746e-01,1.361572807006265684e+01
2.955656538162268632e+01,3.420446318886835257e+01,-1.991510837366697428e+00,-1.144051372055908400e-01,1.388275936628904894e+01
2.894413807995466215e+01,3.294283696046174015e+01,-2.051748289597794095e+00,-9.218311798243701560e-02,1.416978501747364483e+01
2.824989049618141124e+01,3.169287820703423719e+01,-2.102483726618928017e+00,-7.866547378193035345e-02,1.442962280774216488e+01
2.748542509414781776e+01,3.045922448877773192e+01,-2.148000249331261102e+00,-7.239979689832921894e-02,1.459913920913239771e+01
2.665976223618521601e+01,2.924982602068041260e+01,-2.191453041446417060e+00,-7.055110079508404575e-02,1.469045791507309495e+01
2.577942565563910904e+01,2.807312881102942370e+01,-2.234894769525684666e+00,-7.185783521321280343e-02,1.470306847365658065e+01
2.484862829768632508e+01,2.693674326656191553e+01,-2.279500522689496211e+00,-7.441633812847918417e-02,1.467797057131945060e+01
2.387088882300213299e+01,2.584801855788735736e+01,-2.326006476463724049e+00,-7.865031175708790678e-02,1.459100250322924985e+01
2.284975429170028605e+01,2.481459006183380112e+01,-2.374892411081580779e+00,-8.337440916676515379e-02,1.446832029847998946e+01
2.178749663513442059e+01,2.384203216853212837e+01,-2.426019560979447487e+00,-8.751550169427373127e-02,1.433940154898169261e+01
2.068579624201248990e+01,2.293410981838473717e+01,-2.478971024660908906e+00,-9.099416657004187614e-02,1.421610949436273508e+01
1.954580304839529248e+01,2.209314841996357259e+01,-2.533321034710219077e+00,-9.361459032989156992e-02,1.411969560102692789e+01
1.837058460444176333e+01,2.132215609180331839e+01,-2.588956143620714911e+00,-9.681288816269133235e-02,1.399490715060223245e+01
1.716313195304775618e+01,2.062390947196723801e+01,-2.645904749019763802e+00,-9.957042942597611745e-02,1.390502925301943726e+01
1.592574691804036036e+01,2.000002665291786386e+01,-2.703285493546303542e+00,-9.957253038585246740e-02,1.381412288361252827e+01
1.466255855526341279e+01,1.945211325284460457e+01,-2.761914153500358626e+00,-1.051770664440171560e-01,1.372782404823118618e+01
1.337568606628592605e+01,1.898352853408831820e+01,-2.823375641122245483e+00,-1.105322344529997974e-01,1.366708790016846287e+01
1.206644147200938200e+01,1.859777454768421379e+01,-2.887040394290346867e+00,-1.135945139481593785e-01,1.363534359878406299e+01
1.073809630023048634e+01,1.829713958802392781e+01,-2.950775840083148083e+00,-1.112590264276410029e-01,1.360807995121537139e+01
9.394627748696551706e+00,1.808130986823607245e+01,-3.013851224588672384e+00,-1.114888653400435276e-01,1.361032695198206888e+01
8.038780319905191263e+00,1.795017779414209613e+01,-3.076222742315071201e+00,-1.085578670511594540e-01,1.363756854678174513e+01
6.674766639609098107e+00,1.789989786462159316e+01,-3.130972490743532344e+00,-8.439355525916432399e-02,1.366464609532811103e+01
5.308291221569197305e+00,1.791686936293809040e+01,-3.176134475852543826e+00,-7.474240958058085693e-02,1.366929346137459511e+01
3.944605535326847878e+00,1.799203301900583085e+01,-3.216502826523266023e+00,-6.764895129519014894e-02,1.364767266691404224e+01
2.585475352895608037e+00,1.812061963854975488e+01,-3.255591160667159922e+00,-7.030048889863459161e-02,1.365805347075129994e+01
1.232101748251972495e+00,1.830525897611970976e+01,-3.300440439220431621e+00,-8.781129385436724222e-02,1.366245030193138454e+01
-1.092360442425117373e-01,1.855718068634196882e+01,-3.355952892559807665e+00,-1.078329473140744732e-01,1.363685627462205652e+01
-1.427402903358167219e+00,1.888842337559976059e+01,-3.420961225996649535e+00,-1.219496257895789776e-01,1.355090885181872018e+01
-2.709183122515722797e+00,1.930247405741381783e+01,-3.485980789479619979e+00,-1.098898990493035605e-01,1.339376018586906447e+01
-3.946176544436302613e+00,1.978373093886786194e+01,-3.535561094051522080e+00,-6.973123450336098095e-02,1.315523698581515610e+01
-5.138388210825247882e+00,2.029991957529968616e+01,-3.560630664214497809e+00,-2.311298561849034136e-02,1.282867582323357603e+01
-6.292904615720336992e+00,2.081723785570551399e+01,-3.561204008655776132e+00,2.113312141403302438e-02,1.247371596348698297e+01
-7.413203759553737449e+00,2.130561186342387003e+01,-3.540967930786204310e+00,5.898362654074344735e-02,1.196912353063174983e+01
-8.497332114522819779e+00,2.174351428664055419e+01,-3.508781517028650931e+00,7.377972628393393573e-02,1.141643530655083261e+01
-9.544918951611663260e+00,2.213323451906806127e+01,-3.492847619016466787e+00,-5.612055943850715808e-03,1.093842013536422719e+01
-1.055808598329718073e+01,2.251338182519680942e+01,-3.514726613583182502e+00,-9.213267259240950913e-02,1.070476357847687332e+01
-1.154205534235765640e+01,2.292765350260159352e+01,-3.570394902311213148e+00,-1.581232856834546563e-01,1.065044565008007460e+01
-1.249468519507945174e+01,2.340905866175979000e+01,-3.652464809297154336e+00,-2.085583062194281967e-01,1.070272733808702448e+01
-1.340460160067260276e+01,2.398113867086669160e+01,-3.756505220460824912e+00,-2.500325324191789989e-01,1.080323985358511685e+01
-1.425165086623199961e+01,2.465943061107900647e+01,-3.879946708103553910e+00,-2.853083841613615057e-01,1.091375137093010572e+01
-1.500901369564056687e+01,2.545092217013759495e+01,-4.020544982175219495e+00,-3.147939849848565563e-01,1.101373346291606126e+01
-1.564633006756827349e+01,2.635274886862612931e+01,-4.175883309382678377e+00,-3.389883698569403636e-01,1.109435420420249585e+01
-1.613311691100789957e+01,2.735162143182910910e+01,-4.343728983871297800e+00,-3.592620875362320110e-01,1.115523682084552348e+01
-1.644204431402471656e+01,2.842430228068042908e+01,-4.521505832615029696e+00,-3.736148511369482561e-01,1.119978433821528085e+01
-1.655418014235380397e+01,2.953873071867138833e+01,-4.702194184744061367e+00,-3.679059361496297420e-01,1.123183568936961052e+01
-1.646664970829118957e+01,3.065818443493957446e+01,-4.877079180914873469e+00,-3.502204442647185445e-01,1.125421975146285192e+01
-1.618903477791434042e+01,3.174807800398722435e+01,-5.046020842243843063e+00,-3.444791255062803481e-01,1.126644565717656832e+01
