6.000000000000000000e+00,0.000000000000000000e+00,1.562981419696414687e+00,0.000000000000000000e+00,1.200000000000000000e+01
6.004720772831407594e+00,1.195481279875288072e+00,1.574588654809363941e+00,4.689793896752534469e-02,1.190995513111668558e+01
5.986381361270640689e+00,2.385812685961233193e+00,1.597851475913437014e+00,4.733423559920620777e-02,1.190003524376886546e+01
5.940287325300123378e+00,3.573792939308956473e+00,1.621359045114429076e+00,4.801580651789528337e-02,1.187799523155086234e+01
5.866294488990152267e+00,4.757705770974128612e+00,1.645111457136180011e+00,4.854079636059670938e-02,1.184701849115868555e+01
5.764365869582063873e+00,5.937066957325496830e+00,1.668888190485736667e+00,4.831519758348477162e-02,1.182869285327938158e+01
5.634710788618312982e+00,7.112299364681543778e+00,1.692401694852081029e+00,4.758300309274588608e-02,1.181910673670244094e+01
5.477831518831697721e+00,8.283291943627185461e+00,1.715462295229395417e+00,4.654305543252326011e-02,1.181050676113129683e+01
5.294461767308908939e+00,9.449571725139518819e+00,1.737918495579384048e+00,4.518529895620213704e-02,1.180213028367639794e+01
5.085499655464731816e+00,1.061084194166789452e+01,1.759609108508504383e+00,4.347155987723113485e-02,1.179675330874728800e+01
4.851982869534664289e+00,1.176710642679712926e+01,1.780370645696244702e+00,4.141515438861969461e-02,1.179585260036023087e+01
4.595101963829640646e+00,1.291849138134647390e+01,1.800050976925271051e+00,3.905032818830523472e-02,1.179838427911230880e+01
4.316228483981054964e+00,1.406506665717577853e+01,1.818504522924002442e+00,3.638463272675477450e-02,1.180199536360444768e+01
4.016944040545554095e+00,1.520680336779472874e+01,1.835566120856136907e+00,3.334696749343734473e-02,1.180450962194984399e+01
3.699091665549159025e+00,1.634365224646182568e+01,1.850984289319443032e+00,2.966529624495028647e-02,1.180466754422655740e+01
3.364937142391281721e+00,1.747569537838605669e+01,1.864244756118467183e+00,2.453858830576889291e-02,1.180212236880337429e+01
3.017638376674629974e+00,1.860338226753073698e+01,1.874168545357654869e+00,1.604298329364246128e-02,1.179707772270220545e+01
2.662222292310779892e+00,1.972790415577511425e+01,1.878504768490877996e+00,1.698960852403990284e-03,1.178997249229729860e+01
2.306617845747951367e+00,2.085154416637121955e+01,1.874471624106726964e+00,-1.821536838850006806e-02,1.178139540376087524e+01
1.961465992138953673e+00,2.197747584377986030e+01,1.860249459032197406e+00,-4.005078899559456895e-02,1.177174060081068774e+01
1.638266194542118637e+00,2.310917475628907525e+01,1.836211261317135968e+00,-5.843272638955086112e-02,1.176773598539510957e+01
1.355175474645353928e+00,2.425342763000857005e+01,1.781815074959046008e+00,-1.630668310302006152e-01,1.181024204311285786e+01
1.154418336035342607e+00,2.541790265257204240e+01,1.701224173343182988e+00,-1.630642269683119927e-01,1.182922910420318985e+01
1.046950328666516716e+00,2.659721641319355712e+01,1.622950632790652437e+00,-1.531838649442058553e-01,1.186082411923714375e+01
1.029220165524560082e+00,2.778485141369265321e+01,1.549277851582521404e+00,-1.438860697460107307e-01,1.189989616612776402e+01
1.096771876883204655e+00,2.897454390731400764e+01,1.479454904209582367e+00,-1.369799937560620962e-01,1.193712125460792350e+01
1.245869376042430199e+00,3.016031675661596267e+01,1.412373986849154273e+00,-1.322143995996722665e-01,1.196955591860480439e+01
1.473531159573132410e+00,3.133656974564027919e+01,1.347109114394208218e+00,-1.291357728493217893e-01,1.199634153557209970e+01
1.777313509270910474e+00,3.249795295355138336e+01,1.282965527764346803e+00,-1.272725172977407782e-01,1.201689546244742601e+01
2.155055612709245505e+00,3.363927630607958719e+01,1.219478393053508691e+00,-1.261742307026712251e-01,1.203133646304643634e+01
2.604646348402816614e+00,3.475551356582445095e+01,1.156382394576324746e+00,-1.254860798882829476e-01,1.204020666248623073e+01
3.123850355920237298e+00,3.584185247755375769e+01,1.093570904229909102e+00,-1.249158541928167276e-01,1.204449181170985028e+01
3.710167648806220964e+00,3.689378658166636882e+01,1.031133843935664096e+00,-1.239558822681213202e-01,1.204537811691237792e+01
4.360626650259135317e+00,3.790727440317315455e+01,9.694445980861547962e-01,-1.219726680668429541e-01,1.204374379284371344e+01
5.071721767316105911e+00,3.887902391034455007e+01,9.088994831028238686e-01,-1.194654865840937830e-01,1.204273689902168698e+01
5.839639484697675798e+00,3.980632282052741999e+01,8.495745152507727660e-01,-1.171843032309493604e-01,1.204050300826248687e+01
6.660607038343190567e+00,4.068681105722841096e+01,7.913196570624358994e-01,-1.152632490796223208e-01,1.203983902452047161e+01
7.530999164392805589e+00,4.151838773040850583e+01,7.340313722120984652e-01,-1.133736876193006948e-01,1.203918592575784530e+01
8.447159851768274663e+00,4.229916229777938241e+01,6.776933012591760397e-01,-1.115151025763613246e-01,1.203854353353229811e+01
9.405443434633005140e+00,4.302752425951774029e+01,6.222893764719802379e-01,-1.096869861406833124e-01,1.203791167232684245e+01
1.040223184048352500e+01,4.370212991469809793e+01,5.678038159394412920e-01,-1.078888388269016452e-01,1.203729016950181574e+01
1.143395001120493504e+01,4.432188869816485521e+01,5.142211178327803500e-01,-1.061201693379360822e-01,1.203667885524768266e+01
1.249707958468797209e+01,4.488594925138394132e+01,4.615260548120194706e-01,-1.043804944307568650e-01,1.203607756253870775e+01
1.358817092932794424e+01,4.539368536342591653e+01,4.097036685724338434e-01,-1.026693387843510274e-01,1.203548612708724974e+01
1.470385362677882668e+01,4.584468190188436409e+01,3.587392645262646451e-01,-1.009862348698535028e-01,1.203490438729892631e+01
1.584084549994486046e+01,4.623872083826232426e+01,3.086184066152045102e-01,-9.933072282280666632e-02,1.203433218422845385e+01
1.699596028356364030e+01,4.657576745818096953e+01,2.593269122493633838e-01,-9.770235031751473009e-02,1.203376936153618004e+01
1.816611403405829250e+01,4.685595683367693454e+01,2.108508473685975493e-01,-9.610067244345704696e-02,1.203321576544541571e+01
1.934833037378222187e+01,4.707958062284114220e+01,1.631765216222587911e-01,-9.452525158372826475e-02,1.203267124470040628e+01
2.053974466250238606e+01,4.724707425108441328e+01,1.162904836635830635e-01,-9.297565729547035973e-02,1.203213565052499590e+01
2.173823512208954156e+01,4.733797862393274869e+01,1.743584990914353455e-02,-2.973582708167885058e-01,1.201647446781326778e+01
2.293991531709564313e+01,4.726489120763189078e+01,-1.405880397335133869e-01,-3.154759250840075135e-01,1.208661325479378590e+01
2.412251502920873847e+01,4.700293606126724200e+01,-2.908341099949331432e-01,-2.655819505469916852e-01,1.216149247011252754e+01
2.525142629769467817e+01,4.657948995738243525e+01,-4.268769751170319315e-01,-2.656671579952887829e-01,1.197140170145970117e+01
2.629347794062050880e+01,4.601807334057890131e+01,-5.619814993002599790e-01,-2.714797385739151081e-01,1.171989058858463650e+01
2.723541157039129601e+01,4.533352954634089826e+01,-6.941758897977284848e-01,-2.629029635511978547e-01,1.158517692313199277e+01
2.808152888469887287e+01,4.453448591157440006e+01,-8.170974029596179689e-01,-2.359198601261046635e-01,1.170509657922811186e+01
2.883790174883829494e+01,4.363092066976192029e+01,-9.286099462543745409e-01,-2.128939837457418105e-01,1.187430090609787925e+01
2.949739446811698684e+01,4.264434643075740183e+01,-1.034244065112145616e+00,-2.100713661423510570e-01,1.187075856671243201e+01
3.004596820819663705e+01,4.160007628515565159e+01,-1.140675430284975089e+00,-2.184929404919404572e-01,1.173218624052641701e+01
3.047488872881552169e+01,4.051413049011887324e+01,-1.248794865437713675e+00,-2.209733539785520562e-01,1.163086039056145538e+01
3.078319303874800283e+01,3.939337498959874750e+01,-1.355327945307658988e+00,-2.141229939413965000e-01,1.162788473410325807e+01
3.097335585332026042e+01,3.824331408282677813e+01,-1.457585204743588880e+00,-2.029023028402303641e-01,1.169580857162993581e+01
3.104833471596602124e+01,3.707280838736968320e+01,-1.555291065775576964e+00,-1.936819628767046386e-01,1.177161892250419939e+01
3.101060242335317341e+01,3.589427870944626164e+01,-1.649883036899840727e+00,-1.886012059708182531e-01,1.181984647680040013e+01
3.086236984600977351e+01,3.472094218911552588e+01,-1.742836978976321616e+00,-1.861253497317643113e-01,1.184192887989363996e+01
3.060611863685609180e+01,3.356466640668561041e+01,-1.834766073890671256e+00,-1.840566138886394754e-01,1.185302070421237630e+01
3.024511956499687670e+01,3.243568406728531528e+01,-1.925563554811936529e+00,-1.813823178741523767e-01,1.186100093503418762e+01
2.978376703219017330e+01,3.134314160254310266e+01,-2.014857028612007994e+00,-1.779408326438132737e-01,1.186603100160682089e+01
2.922769346707438132e+01,3.029539379528155507e+01,-2.102248118972907864e+00,-1.738289712431289047e-01,1.186486940065699258e+01
2.858362102896206736e+01,2.929975897532934681e+01,-2.187303425794283829e+00,-1.688335178508528212e-01,1.185825029940686548e+01
2.785902941351159257e+01,2.836198920929245304e+01,-2.269480847028205961e+00,-1.626488843200978307e-01,1.185027807684151213e+01
2.706175086086678050e+01,2.748590408813452157e+01,-2.348153290286855821e+00,-1.550850275226788311e-01,1.184699780322104701e+01
2.619962745793193903e+01,2.667338559643679474e+01,-2.422728179063311504e+00,-1.463364852876982425e-01,1.185189418137007777e+01
2.528025896536433237e+01,2.592467816103758693e+01,-2.492775332178168046e+00,-1.368102209012344306e-01,1.186625278329407607e+01
2.431084246616810773e+01,2.523880131398532001e+01,-2.558090401883448717e+00,-1.270388662324683227e-01,1.188829943645635367e+01
2.329812536641040310e+01,2.461399154347077456e+01,-2.618700744585480411e+00,-1.175121233750398286e-01,1.191436238106027545e+01
2.224833533655263196e+01,2.404801246722913532e+01,-2.674807328222581493e+00,-1.085269913884096271e-01,1.194157734545130012e+01
2.116713763876413523e+01,2.353836396625501948e+01,-2.726717981340176067e+00,-1.002783667211360197e-01,1.196700659617509643e+01
2.005951616814261484e+01,2.308238609736620006e+01,-2.774781463911196511e+00,-9.275226816489112736e-02,1.199143572610618591e+01
1.892974038598775977e+01,2.267734423235149421e+01,-2.819358681571155323e+00,-8.600341585599818872e-02,1.201432029529167878e+01
1.778143681762012918e+01,2.232055887806131267e+01,-2.860827411790289432e+00,-8.003646893477409097e-02,1.203649351468398621e+01
1.661757937731984214e+01,2.200948243691661332e+01,-2.899573656181475556e+00,-7.485958122233671297e-02,1.205926785629418063e+01
1.544056695482889907e+01,2.174179790622611463e+01,-2.936000896738193866e+00,-7.051740360146194209e-02,1.208342780707177866e+01
1.425237913827938918e+01,2.151553382352467736e+01,-2.970547697011449273e+00,-6.709914752718110220e-02,1.210856459097260185e+01
1.305464620951982191e+01,2.132915419263187573e+01,-3.003686470909804562e+00,-6.464230218097502534e-02,1.213549454497180591e+01
1.184870981795006095e+01,2.118162716054429495e+01,-3.035920747591691615e+00,-6.322100972747771164e-02,1.216409080290777922e+01
1.063577881357982591e+01,2.107250874252457962e+01,-3.067797643911010397e+00,-6.292759372415290819e-02,1.219352848645361576e+01
9.417025101596376402e+00,2.100201240402336111e+01,-3.099906883635660471e+00,-6.383002513238661413e-02,1.222333778271367066e+01
8.193701689958892587e+00,2.097106650079442502e+01,-3.132882587595562374e+00,-6.602763207856121586e-02,1.225206640001821157e+01
6.967060932408126739e+00,2.098135446983186370e+01,-3.167365059702064389e+00,-6.941703385875966359e-02,1.228282717745499397e+01
5.738483425719850928e+00,2.103531473422809839e+01,-3.204007510081646082e+00,-7.412302218336597193e-02,1.231378751507707747e+01
4.509785650994142969e+00,2.113617707185000327e+01,-3.243507093256597251e+00,-8.018085587377171697e-02,1.234442880528395392e+01
3.283348614655615894e+00,2.128796066404465037e+01,-3.286587055529378354e+00,-8.764252964560600989e-02,1.237335675089972042e+01
2.062213667874763789e+00,2.149544611729122678e+01,-3.333963447536528513e+00,-9.640317880603586909e-02,1.240169371810556243e+01
8.499247872074824350e-01,2.176411741686413492e+01,-3.386261007897251485e+00,-1.061318499406049970e-01,1.243521522039904781e+01
-3.485804942216604863e-01,2.209985645392089282e+01,-3.444169081827725964e+00,-1.174283944850668254e-01,1.246111909931926931e+01
-1.526828862049477875e+00,2.250889150879964973e+01,-3.508361224202452000e+00,-1.296406130693128766e-01,1.248773461124305584e+01
-2.676790997644863168e+00,2.299740161992397702e+01,-3.579414131638199770e+00,-1.430398973954119801e-01,1.250596109276225931e+01
-3.788519498244056649e+00,2.357110414389167730e+01,-3.657810907129237510e+00,-1.570279392239379568e-01,1.252103864648575637e+01
-4.852603096696531892e+00,2.423602817558579403e+01,-3.743515676962838157e+00,-1.695586343877728275e-01,1.258164670317513156e+01
-5.858978507344698272e+00,2.499767348792554600e+01,-3.836512427300784012e+00,-1.822198703540509335e-01,1.266944162833044274e+01
-6.792561183729613816e+00,2.585817547576043651e+01,-3.937314663548645566e+00,-1.961693945161443742e-01,1.273454321654184085e+01
-7.633808124408401952e+00,2.681474026394457510e+01,-4.046031063615895818e+00,-2.098186980748556196e-01,1.275515617853561423e+01
-8.362592823233940820e+00,2.785955903212885332e+01,-4.161679997592312219e+00,-2.212600580390713667e-01,1.273667268704934230e+01
-8.961381400357879556e+00,2.898050124167193076e+01,-4.282681054841853907e+00,-2.301340506007190367e-01,1.269583577592155166e+01
-9.416408543749755111e+00,3.016234867630836902e+01,-4.407724610824115707e+00,-2.373630669342196853e-01,1.264902144199447065e+01
-9.717342493415241478e+00,3.138788928406899004e+01,-4.536051141425886613e+00,-2.435656231275950823e-01,1.260725107530076983e+01
-9.857434638992760512e+00,3.263834844752562248e+01,-4.665526139269405625e+00,-2.428510417587070591e-01,1.257597817485758540e+01
-9.837093098901803501e+00,3.389399812669576306e+01,-4.790203611557141805e+00,-2.271051436042148264e-01,1.255658646588101490e+01
-9.665048586506776118e+00,3.513660404536344828e+01,-4.909394413456053208e+00,-2.233821084631620602e-01,1.254746209758787856e+01
