6.000000000000000000e+00,0.000000000000000000e+00,1.562981419696414687e+00,0.000000000000000000e+00,1.200000000000000000e+01
6.004669097543354539e+00,1.197166137557035936e+00,1.574732205022781439e+00,4.738840873637920059e-02,1.194365175495683928e+01
5.985921632871586517e+00,2.391639968654299508e+00,1.598266683055663995e+00,4.761186541835472907e-02,1.194931852949303419e+01
5.938980113755893520e+00,3.585998256388240879e+00,1.621901621739578081e+00,4.774074798585450918e-02,1.195684581828376380e+01
5.863729087270894702e+00,4.779553909826629088e+00,1.645639181354412894e+00,4.797364430516225242e-02,1.196222586086460637e+01
5.760064311608474874e+00,5.971317031462350045e+00,1.669507514968028739e+00,4.824010105506627843e-02,1.196360674203513597e+01
5.627923478927448819e+00,7.160230647621386169e+00,1.693476638118985189e+00,4.838161220319672773e-02,1.196165437327888981e+01
5.467353157943894537e+00,8.345363527773923096e+00,1.717437798351834966e+00,4.823008789050280132e-02,1.195813832679633748e+01
5.278580785003518017e+00,9.525980762264325108e+00,1.741207747784336846e+00,4.763964641254163357e-02,1.195469815691409465e+01
5.062084863064443496e+00,1.070153064556934197e+01,1.764539491243671376e+00,4.648854301455083993e-02,1.195222829196642067e+01
4.818662660690433697e+00,1.187160783639555639e+01,1.787129956488029858e+00,4.466783443753639948e-02,1.195087399773314729e+01
4.549493843376215985e+00,1.303593863516142903e+01,1.808624181317038504e+00,4.207745562638247339e-02,1.195036486929583575e+01
4.256195528266444761e+00,1.419440127471865765e+01,1.828620101159999178e+00,3.862969886913834860e-02,1.195032280435053096e+01
3.940868295218905804e+00,1.534706900723995560e+01,1.846667612748038589e+00,3.422047073584608134e-02,1.195041306206152498e+01
3.606158278240687132e+00,1.649426532396124045e+01,1.862226688619802673e+00,2.859186243641587480e-02,1.195037362143941451e+01
3.255424489728039106e+00,1.763664664930407611e+01,1.874507446468256733e+00,2.099272500556815732e-02,1.194998000744514499e+01
2.893194377649061177e+00,1.877536704606171014e+01,1.882118450454140834e+00,9.742693668644561780e-03,1.194898859418297477e+01
2.526036355219174023e+00,1.991236389451544753e+01,1.882785910817093233e+00,-7.047215687566623331e-03,1.194717877210907986e+01
2.163364428432774655e+00,2.105056801881868012e+01,1.873954555399181210e+00,-2.862594349648094061e-02,1.194465293819457585e+01
1.817060174317529198e+00,2.219356723620072103e+01,1.854126668887918772e+00,-5.144844109638455759e-02,1.194191928368911348e+01
1.499794337771988451e+00,2.334465630173884065e+01,1.823709298014900559e+00,-7.133107181580826406e-02,1.193923448817110256e+01
1.228486390538360951e+00,2.450773501061211590e+01,1.770140831654303692e+00,-1.441596635108493007e-01,1.194970643402918853e+01
1.034374409958922048e+00,2.568584974636370433e+01,1.697923979766789992e+00,-1.456239010462053174e-01,1.193546505909995048e+01
9.261806811733839240e-01,2.687354517538450338e+01,1.625326816507925543e+00,-1.459971752051180127e-01,1.192203824096948850e+01
9.044174231938255648e-01,2.806477759502923774e+01,1.552847528508408459e+00,-1.454419025494992357e-01,1.191180240196744222e+01
9.686877160663017738e-01,2.925370556600291394e+01,1.480825791002819081e+00,-1.443678835056268484e-01,1.190662204683600223e+01
1.117963938267534596e+00,3.043470650099138908e+01,1.409410864937956864e+00,-1.430982303911211839e-01,1.190639127728824676e+01
1.350794125705348181e+00,3.160227191525929769e+01,1.338620042686864631e+00,-1.418538734180712080e-01,1.190966190129686453e+01
1.665402110385684642e+00,3.275093916541715089e+01,1.268399200578572028e+00,-1.407374997389264637e-01,1.191467545459050470e+01
2.059713605079869225e+00,3.387529453229523568e+01,1.198680614856275195e+00,-1.397388015824057028e-01,1.192001965604968561e+01
2.531335752234429304e+00,3.497003117682110229e+01,1.129434839085546649e+00,-1.387427183831667632e-01,1.192484279025967808e+01
3.077496124993062132e+00,3.603004839066558418e+01,1.060740446794550929e+00,-1.374494864217739032e-01,1.192876861432991475e+01
3.694889411575082327e+00,3.705062910472791060e+01,9.929635303965074211e-01,-1.350223572070137767e-01,1.193169439392531217e+01
4.379326111358785134e+00,3.802782528368774706e+01,9.270508697410412280e-01,-1.299901124584322831e-01,1.193360599908696074e+01
5.125454469415871905e+00,3.895898499080904998e+01,8.640344838399943717e-01,-1.234728188341265714e-01,1.193467584784649915e+01
5.927634511761252334e+00,3.984237521173988483e+01,8.032430713357453511e-01,-1.211259415096701403e-01,1.193421344972951204e+01
6.781563904498014494e+00,4.067590069110824658e+01,7.435374527359587260e-01,-1.191402703373804078e-01,1.193529191776673315e+01
7.683408496801644283e+00,4.145750514909855866e+01,6.848146001968793417e-01,-1.171871511515217706e-01,1.193635270600005782e+01
8.629305519036252647e+00,4.218535985606855121e+01,6.270581248191099411e-01,-1.152660503129721709e-01,1.193739610426235487e+01
9.615409895617796465e+00,4.285793084446318346e+01,5.702519227086064735e-01,-1.133764429307922844e-01,1.193842239763511159e+01
1.063791246664016299e+01,4.347396456496610284e+01,5.143801694103984357e-01,-1.115178127188120455e-01,1.193943186652634481e+01
1.169305624059824034e+01,4.403247309341760030e+01,4.594273144810240295e-01,-1.096896518545691784e-01,1.194042478674723284e+01
1.278378756210461376e+01,4.452776195620911892e+01,3.872165856504111159e-01,-1.789386986787157297e-01,1.202314689821202975e+01
1.391780950455109078e+01,4.493227827720085088e+01,2.986243447221220704e-01,-1.723907595498237744e-01,1.206492270281421852e+01
1.508587721869798415e+01,4.523773415169384293e+01,2.136564800984140922e-01,-1.639345448321406773e-01,1.208927203433854558e+01
1.627663344875862705e+01,4.544532313990661265e+01,1.319265842718259085e-01,-1.594466195886119764e-01,1.209177118412329932e+01
1.748078028109547688e+01,4.555626512087479085e+01,5.207361816716263303e-02,-1.565004154440023665e-01,1.209959079490620582e+01
1.869024390545730796e+01,4.557146231945888104e+01,-2.689551317396741276e-02,-1.559288799283957416e-01,1.209787812619251213e+01
1.989688775189510039e+01,4.549124151690230633e+01,-1.059607082684439483e-01,-1.569381697964074285e-01,1.209457380858579612e+01
2.109273126118065278e+01,4.531560683269710665e+01,-1.859221559123970524e-01,-1.595786157124064186e-01,1.208531769734862138e+01
2.226938282554721837e+01,4.504440605989531576e+01,-2.674620998553237650e-01,-1.633840318306876982e-01,1.207139478698274360e+01
2.341815712118598469e+01,4.467761821103704989e+01,-3.510370879494086327e-01,-1.679190590146358020e-01,1.205379918629570213e+01
2.453036012299080326e+01,4.421558260687012165e+01,-4.368046034333741834e-01,-1.723356156967457975e-01,1.204069727964219894e+01
2.559743386402632481e+01,4.365928195247568055e+01,-5.246778969380024860e-01,-1.763789657960197765e-01,1.203459281532379066e+01
2.661071886599669867e+01,4.301060380312988940e+01,-6.145046712660375832e-01,-1.799918296891785119e-01,1.203616588195958670e+01
2.756139584808256160e+01,4.227249718266037348e+01,-7.061493540416746706e-01,-1.833000068237435054e-01,1.204372115567115031e+01
2.844044442750515245e+01,4.144912047714211667e+01,-7.995433874366457694e-01,-1.865054266232669955e-01,1.205383492579044358e+01
2.923871633609124387e+01,4.054595340660535641e+01,-8.946778544125334465e-01,-1.897384601798800252e-01,1.206292383605734031e+01
2.994717424658164973e+01,3.956983257369499540e+01,-9.915418105022641981e-01,-1.929476916546170318e-01,1.206890127749134223e+01
3.055723678792429610e+01,3.852893075941439349e+01,-1.090053822830741037e+00,-1.959620005687563726e-01,1.207094693949877495e+01
3.106115520486856241e+01,3.743268337368041188e+01,-1.190019117879389299e+00,-1.985288099757136215e-01,1.206951656462467426e+01
3.145238917791892774e+01,3.629163315480215601e+01,-1.291113280151389819e+00,-2.003811499609257918e-01,1.206593029685667773e+01
3.172592851513640966e+01,3.511719682995026659e+01,-1.392895713811864278e+00,-2.012959417733987955e-01,1.206189972853029246e+01
3.187851953767322399e+01,3.392137776328862486e+01,-1.494848561554092070e+00,-2.011505589978397623e-01,1.205885260567925599e+01
3.190877441143534554e+01,3.271646178330126276e+01,-1.596431016351896215e+00,-1.999450810935980705e-01,1.205743031379992658e+01
3.181717098395414212e+01,3.151470534967951309e+01,-1.697127656625988967e+00,-1.977646930568267847e-01,1.205760873667721711e+01
3.160596232709098174e+01,3.032801130221741914e+01,-1.796474179658687165e+00,-1.947217777552272266e-01,1.205916875357586449e+01
3.127901424685311937e+01,2.916762127544218686e+01,-1.894065761574909024e+00,-1.909379690130129370e-01,1.206181088441200799e+01
3.084159100070886339e+01,2.804386800592121887e+01,-1.989560701455070690e+00,-1.865435662584603860e-01,1.206507117700106591e+01
3.030011060965806990e+01,2.696599724553757582e+01,-2.082680707868154624e+00,-1.816654422348766562e-01,1.206837665746965982e+01
2.966188587549669720e+01,2.594204489091845645e+01,-2.173204401816761333e+00,-1.764086712808825286e-01,1.207124882894947504e+01
2.893486351353729802e+01,2.497875943111081654e+01,-2.260955933426428199e+00,-1.708508645723437469e-01,1.207344318739471944e+01
2.812737384312119104e+01,2.408157184025979092e+01,-2.345795028993121534e+00,-1.650521174545814540e-01,1.207492636380270312e+01
2.724790191788729743e+01,2.325461559403005296e+01,-2.427612496538119391e+00,-1.590686645520923703e-01,1.207577339806660532e+01
2.630488581615432153e+01,2.250079147044725758e+01,-2.506330372526787365e+00,-1.529600974720367601e-01,1.207610488281519778e+01
2.530654359809620502e+01,2.182186674486106881e+01,-2.581904022399825749e+00,-1.467911061603165424e-01,1.207607877141563080e+01
2.426073032005196950e+01,2.121859982702439140e+01,-2.654324840864104473e+00,-1.406325388346981176e-01,1.207588729517920001e+01
2.317482825363062560e+01,2.069088440250549965e+01,-2.723623646466112103e+00,-1.345637644087273599e-01,1.207572030601295410e+01
2.205567327102814446e+01,2.023790772484893807e+01,-2.789874816326940898e+00,-1.286742983154211539e-01,1.207571077565396322e+01
2.090951735779677634e+01,1.985831623052440520e+01,-2.853200399790176256e+00,-1.230628626420873228e-01,1.207589658040748404e+01
1.974202349966985182e+01,1.955038072682727091e+01,-2.913773156878308512e+00,-1.178339801270576193e-01,1.207622157246457206e+01
1.855828698536010890e+01,1.931215430655242571e+01,-2.971817940546874315e+00,-1.130939003713079538e-01,1.207657036218471802e+01
1.736287739073824810e+01,1.914161846387102273e+01,-3.027611607536079941e+00,-1.089476078612781340e-01,1.207681353144414871e+01
1.615989695606142362e+01,1.903681521785326325e+01,-3.081482035869457903e+00,-1.054972101009840069e-01,1.207684734792363201e+01
1.495305289607380317e+01,1.899596453376257799e+01,-3.133806791251704915e+00,-1.028415226040226838e-01,1.207661283689085252e+01
1.374574241765921201e+01,1.901756681470179089e+01,-3.185011648245944738e+00,-1.010756664994117704e-01,1.207610024305822805e+01
1.254114985077761979e+01,1.910048987892712447e+01,-3.235568810638713710e+00,-1.002902544631185389e-01,1.207533919114797172e+01
1.134235569012063038e+01,1.924403909838206062e+01,-3.285994475028873207e+00,-1.005696415652992393e-01,1.207438329618576489e+01
1.015245724148981843e+01,1.944800838382836261e+01,-3.336845260139048808e+00,-1.019891416344970991e-01,1.207329475421382625e+01
8.974700345634179399e+00,1.971270863469492696e+01,-3.388713016258000366e+00,-1.046112147117046198e-01,1.207213345551329908e+01
7.812621368832231461e+00,2.003896911497494671e+01,-3.442217588895162272e+00,-1.084808774416776977e-01,1.207094887061711574e+01
6.670197832211075983e+00,2.042810605190969397e+01,-3.497997107690627772e+00,-1.136201111671009956e-01,1.206977871128558633e+01
5.552004406101492151e+00,2.088185161675560408e+01,-3.556695295133393220e+00,-1.200212323362947475e-01,1.206865362016080567e+01
4.463368874386564933e+00,2.140223544508361186e+01,-3.618945365926647284e+00,-1.276397296120002356e-01,1.206760061127220496e+01
3.410518889380873109e+00,2.199141085707956478e+01,-3.685350239395650096e+00,-1.363867723103681928e-01,1.206665558358568191e+01
2.400706252367587723e+00,2.265141923632104337e+01,-3.756459598484096940e+00,-1.461246813727349048e-01,1.206586247200919715e+01
1.442290645287847450e+00,2.338389048613127486e+01,-3.832745360898974774e+00,-1.566662807293606463e-01,1.206528353627651029e+01
5.447608206281056020e-01,2.418968482673775355e+01,-3.914577828399893988e+00,-1.677799605103530711e-01,1.206500048745943232e+01
-2.813297147110174756e-01,2.506848998260144512e+01,-4.002203835657924813e+00,-1.791950544927176370e-01,1.206510778502857306e+01
-1.024537931607115482e+00,2.601839781685351127e+01,-4.095723602571207600e+00,-1.905943239544480305e-01,1.206573627226956091e+01
-1.672842602847330884e+00,2.703548874488949139e+01,-4.195059055214341193e+00,-2.015929978272959500e-01,1.206697846051684664e+01
-2.214121641810406160e+00,2.811346770856926014e+01,-4.299909256428773752e+00,-2.117152401155100727e-01,1.206893183185487928e+01
-2.636808332513503217e+00,2.924341880507266467e+01,-4.409712818680369573e+00,-2.204493951646790961e-01,1.207162973108892245e+01
-2.930669837166471670e+00,3.041376188333782338e+01,-4.523667797793376799e+00,-2.274171625623550019e-01,1.207487490762914106e+01
-3.087566269286664333e+00,3.161050125907208042e+01,-4.640841111947075603e+00,-2.325360697286929512e-01,1.207854765990204626e+01
-3.102008749715086555e+00,3.281775500197741025e+01,-4.760315884566527878e+00,-2.359829910878427639e-01,1.208262246374721727e+01
-2.971475502962146020e+00,3.401842396569166738e+01,-4.881196160021656461e+00,-2.376864641369907938e-01,1.208696451671438510e+01
-2.696843180388714956e+00,3.519497375132543482e+01,-5.002034379576362433e+00,-2.356610111938828300e-01,1.209128849644071124e+01
-2.283811902113288106e+00,3.633083789014397524e+01,-5.119217541684609074e+00,-2.237205210862550087e-01,1.209511263316383634e+01
-1.745126945341423763e+00,3.741324671530026080e+01,-5.227058042042115993e+00,-2.000469725748718619e-01,1.209751512875677548e+01
-1.097512478737010966e+00,3.843435517019423031e+01,-5.327848594729720055e+00,-1.967675140080707430e-01,1.209591652008863250e+01
