6.000000000000000000e+00,0.000000000000000000e+00,1.562981419696414687e+00,0.000000000000000000e+00,1.200000000000000000e+01
6.009549798230315432e+00,1.200056118051675336e+00,1.562553271287019374e+00,-1.721689275980810459e-03,1.200188249774140559e+01
6.020046733011406914e+00,2.400252030275059845e+00,1.561473245195119652e+00,-2.620919843902877466e-03,1.200295496298326370e+01
6.032048148705679402e+00,3.600514659602033429e+00,1.560098392403658663e+00,-2.906776922926076513e-03,1.200349950515115438e+01
6.045742070647822430e+00,4.800796908992732703e+00,1.558689924298893414e+00,-2.755896614255883004e-03,1.200370974464496854e+01
6.061034837283505006e+00,6.001070685241799652e+00,1.557473479837604646e+00,-2.134714558158963722e-03,1.200371564444806793e+01
6.077544388537197584e+00,7.201322983897266106e+00,1.556710386963050752e+00,-9.332505503318661759e-04,1.200360170960680861e+01
6.094542529695552879e+00,8.401553737308148584e+00,1.556715988072455259e+00,9.557744999683583272e-04,1.200342059644816928e+01
6.110894127382755059e+00,9.601773504227567813e+00,1.557850303214629584e+00,3.604801534076065416e-03,1.200320366948766804e+01
6.125015700365143978e+00,1.080199873336152194e+01,1.560496119369741974e+00,7.032953335083367077e-03,1.200296941803158646e+01
6.134866168705764622e+00,1.200224225611866125e+01,1.565026918192697236e+00,1.118356698797454661e-02,1.200273006127406106e+01
6.137983368936951400e+00,1.320249724467804597e+01,1.571762280468894657e+00,1.589622797607726651e-02,1.200249613365175705e+01
6.131580852684371585e+00,1.440271471013509519e+01,1.580913913213586763e+00,2.089705475018505815e-02,1.200227858505985168e+01
6.112706369145912255e+00,1.560277787256948123e+01,1.592543195477037932e+00,2.585493335094003753e-02,1.200208840748204153e+01
6.078426619017914589e+00,1.680247955099474666e+01,1.606568564884255590e+00,3.052594038357556855e-02,1.200193494156256691e+01
6.025960495157915986e+00,1.800150693635409027e+01,1.622845982321016178e+00,3.490270482469795543e-02,1.200182458615613612e+01
5.952694208573134027e+00,1.919943078794890923e+01,1.641268450485790398e+00,3.914130066879412118e-02,1.200176056299444838e+01
5.856144310290278376e+00,2.039569511087218956e+01,1.661717916083153668e+00,4.304124118819299682e-02,1.200174265044480038e+01
5.734147946796660733e+00,2.158962966537645656e+01,1.683722764962969354e+00,4.538429024927416455e-02,1.200176507244191271e+01
5.585516001812878883e+00,2.278054428020062261e+01,1.706137656053228202e+00,4.468654700856387885e-02,1.200181285552866228e+01
5.410609119967884517e+00,2.396789098925351524e+01,1.727764575315923423e+00,4.222161951664393786e-02,1.200185995472552491e+01
5.210618578096304354e+00,2.515127360423916514e+01,1.748604929012059772e+00,4.152946181964974753e-02,1.200182946366445336e+01
4.986213784481557276e+00,2.633026790346834289e+01,1.769103195948338980e+00,4.084865097014728913e-02,1.200179947245683820e+01
4.737889035956493800e+00,2.750445459674642379e+01,1.789265004668532999e+00,4.017900095424325330e-02,1.200176997290836312e+01
4.466137099602922156e+00,2.867343920845062399e+01,1.809095890475554969e+00,3.952032880745241089e-02,1.200174095695903986e+01
4.171448517992580207e+00,2.983685117608971282e+01,1.828601297006154924e+00,3.887245456470726085e-02,1.200171241668102340e+01
3.883443185071040915e+00,3.100335323759284378e+01,1.771354723216027383e+00,-2.658546993542459935e-01,1.203254512430594048e+01
3.727371134508935757e+00,3.219674080711298814e+01,1.627764264866212285e+00,-2.942499337814601934e-01,1.205914755049115428e+01
3.743922254919251458e+00,3.340246723165994069e+01,1.491421614514883531e+00,-2.379295752054228219e-01,1.207635365053026533e+01
3.908841482303668791e+00,3.459868448628696314e+01,1.379237468387599419e+00,-2.028667004616188929e-01,1.208696431235254209e+01
4.197100226436592862e+00,3.577230964092408527e+01,1.282899003724987441e+00,-1.770419932226366955e-01,1.209252717488301698e+01
4.590107723304191367e+00,3.691563484051329169e+01,1.198159410702645644e+00,-1.579400814876397718e-01,1.209443247732662030e+01
5.073983719393528879e+00,3.802370768456467687e+01,1.120810440891051973e+00,-1.482911358353109499e-01,1.209391648324985624e+01
5.639903989919445415e+00,3.909210239373851437e+01,1.046847013998744247e+00,-1.447623815865959340e-01,1.209202632629842000e+01
6.282313653304308687e+00,4.011614299446338805e+01,9.744042797832143110e-01,-1.423892277900943304e-01,1.209051769799844678e+01
6.996481794898889106e+00,4.109132131151465472e+01,9.031740199896919341e-01,-1.400549781541910455e-01,1.208903380130995231e+01
7.777601876018526816e+00,4.201356049282095029e+01,8.331352818489455858e-01,-1.377589949057617669e-01,1.208757423079668314e+01
8.620743065691671703e+00,4.287927210790092403e+01,7.642675044595838019e-01,-1.355006507269788107e-01,1.208613858766887361e+01
9.520892961935627952e+00,4.368534214727807807e+01,6.965505101060387450e-01,-1.332793285839135033e-01,1.208472647967430191e+01
1.047299670918065573e+01,4.442911449448769190e+01,6.299644958283479035e-01,-1.310944215579477046e-01,1.208333752099112246e+01
1.147199255337293167e+01,4.510837233627377429e+01,5.644900252340765423e-01,-1.289453326799486765e-01,1.208197133212242136e+01
1.251284391203909330e+01,4.572131793702413916e+01,5.001080205431625014e-01,-1.268314747671626108e-01,1.208062753979254822e+01
1.359056806587550881e+01,4.626655116426734793e+01,4.367997548569045319e-01,-1.247522702627829605e-01,1.207930577684513551e+01
1.470026160187014774e+01,4.674304711369234866e+01,3.745468446427164255e-01,-1.227071510781472252e-01,1.207800568214275216e+01
1.583712275619389942e+01,4.715013314508105680e+01,3.133312424266536111e-01,-1.206955584375218049e-01,1.207672690046828023e+01
1.699647081870704923e+01,4.748746560509264469e+01,2.531352296860880369e-01,-1.187169427254313459e-01,1.207546908242781925e+01
1.817376277047993582e+01,4.775500647925049691e+01,1.939414099352464449e-01,-1.167707633364898356e-01,1.207423188435522476e+01
1.936460733175418980e+01,4.795300018392933339e+01,1.357327019966615422e-01,-1.148564885276948666e-01,1.207301496821824571e+01
2.056477660076408043e+01,4.808195067972805248e+01,7.849233345189156330e-02,-1.129735952731424631e-01,1.207181800152613604e+01
2.177021546424859011e+01,4.814259906039873016e+01,2.220383426516172459e-02,-1.111215691211237533e-01,1.207064065723882962e+01
2.297704895872627517e+01,4.813590174649589670e+01,-3.314896942614026926e-02,-1.092999040535643507e-01,1.206948261367753616e+01
2.418158775805009952e+01,4.806300939008859530e+01,-8.758196135991587472e-02,-1.075081023477682807e-01,1.206834355443691820e+01
2.538033195774312034e+01,4.792524657618841388e+01,-1.411107410423039499e-01,-1.057456744404278726e-01,1.206722316829860020e+01
2.656997332043605908e+01,4.772409238791554031e+01,-1.937506294904343951e-01,-1.040121387938635344e-01,1.206612114914616996e+01
2.774739613964849738e+01,4.746116188575948058e+01,-2.455166748300684765e-01,-1.023070217644559410e-01,1.206503719588147661e+01
2.890967687140731357e+01,4.713818853648892571e+01,-2.964236577529907879e-01,-1.006298574732353845e-01,1.206397101234243863e+01
3.005408267497963593e+01,4.675700761421254725e+01,-3.464860968388113749e-01,-9.898018767859220746e-02,1.206292230722207748e+01
3.117806899548674693e+01,4.631954058467353263e+01,-3.957182537456409577e-01,-9.735756165107431470e-02,1.206189079398893682e+01
3.227927631250651075e+01,4.582778047395453314e+01,-4.441341382739155685e-01,-9.576153605023707271e-02,1.206087619080879847e+01
3.335552617009078347e+01,4.528377821425746674e+01,-4.917475133074703519e-01,-9.419167480351187116e-02,1.205987822046767732e+01
3.440481659502397349e+01,4.468962995218571166e+01,-5.385718996357935495e-01,-9.264754898706087372e-02,1.205889661029607751e+01
3.542531700171489462e+01,4.404746529888064543e+01,-5.846205806612296829e-01,-9.112873670858451236e-02,1.205793109209450975e+01
3.641536267391585824e+01,4.335943649633827590e+01,-6.299066069947499846e-01,-8.963482299205036141e-02,1.205698140206018110e+01
3.737344890555428378e+01,4.262770847015074338e+01,-6.744428009437611893e-01,-8.816539966431188868e-02,1.205604728071492815e+01
3.829822487538544351e+01,4.185444973568113625e+01,-7.182417608952862409e-01,-8.672006524358544244e-02,1.205512847283435818e+01
3.918848732296054038e+01,4.104182412219473264e+01,-7.613158655977156908e-01,-8.529842482975619200e-02,1.205422472737805606e+01
4.004317408657438904e+01,4.019198327764803480e+01,-8.036772783442057699e-01,-8.390008999648151944e-02,1.205333579742103467e+01
4.086135755742335363e+01,3.930705991559783286e+01,-8.453379510606779945e-01,-8.252467868506382920e-02,1.205246144008626885e+01
4.164223809817514876e+01,3.838916176496098132e+01,-8.863096283012565912e-01,-8.117181510006279965e-02,1.205160141647829519e+01
4.238513746852657960e+01,3.744036618306317621e+01,-9.266038511538786659e-01,-7.984112960661918224e-02,1.205075549161800197e+01
4.308949229510008649e+01,3.646271539249948290e+01,-9.662319610586989072e-01,-7.853225862946143498e-02,1.204992343437836055e+01
4.375484761819734558e+01,3.545821230273354985e+01,-1.005205103541818579e+00,-7.724484455356860069e-02,1.204910501742134699e+01
4.438085054347577341e+01,3.442881687803549795e+01,-1.043534231866766415e+00,-7.597853562646091075e-02,1.204830001713575172e+01
4.496724402253010311e+01,3.337644301425463311e+01,-1.081230110606076433e+00,-7.473298586209271843e-02,1.204750821357614399e+01
4.551386078262886059e+01,3.230295588800016304e+01,-1.118303319135211638e+00,-7.350785494632076922e-02,1.204672939040275992e+01
4.602061742245885512e+01,3.121016974302652969e+01,-1.154764255051008215e+00,-7.230280814392205102e-02,1.204596333482238535e+01
4.648750868765277744e+01,3.009984607995507488e+01,-1.190623137516728658e+00,-7.111751620713639699e-02,1.204520983753021568e+01
4.691460193709554716e+01,2.897369221688416019e+01,-1.225890010535745089e+00,-6.995165528570788938e-02,1.204446869265267495e+01
4.730203180850786993e+01,2.783336018991951732e+01,-1.260574746155788795e+00,-6.880490683840119470e-02,1.204373969769115860e+01
4.764999508957058083e+01,2.668044596417438896e+01,-1.294687047605647789e+00,-6.767695754596840529e-02,1.204302265346671774e+01
4.795874579886356059e+01,2.551648892732634621e+01,-1.328236452366116316e+00,-6.656749922554265619e-02,1.204231736406563158e+01
4.822859047912975683e+01,2.434297163935841013e+01,-1.361232335176941310e+00,-6.547622874643534152e-02,1.204162363678586800e+01
4.845988370382165300e+01,2.316131981364294745e+01,-1.393683910981452279e+00,-6.440284794731347684e-02,1.204094128208446790e+01
4.865302379652679576e+01,2.197290250603630923e+01,-1.425600237810498605e+00,-6.334706355473458672e-02,1.204027011352571108e+01
4.880844876168573165e+01,2.077903249013090203e+01,-1.456990219607266379e+00,-6.230858710301760695e-02,1.203960994773020587e+01
4.892663242399393653e+01,1.958096679825188247e+01,-1.487862608994490410e+00,-6.128713485542718054e-02,1.203896060432479587e+01
4.900808077300514753e+01,1.837990740918123933e+01,-1.518226009985528036e+00,-6.028242772664969829e-02,1.203832190589324824e+01
4.905332850871317873e+01,1.717700206493860549e+01,-1.548088880640715148e+00,-5.929419120654068343e-02,1.203769367792777700e+01
4.906293578326994975e+01,1.597334520024123883e+01,-1.577459535670368673e+00,-5.832215528512200986e-02,1.203707574878141884e+01
4.903748513348761406e+01,1.476997896950339317e+01,-1.606346148985767552e+00,-5.736605437880855363e-02,1.203646794962106625e+01
4.897757859836042371e+01,1.356789435741528749e+01,-1.634756756199391425e+00,-5.642562725784450173e-02,1.203587011438137111e+01
4.888383501551803079e+01,1.236803236026365838e+01,-1.662699257075656245e+00,-5.550061697492898738e-02,1.203528207971937647e+01
4.875688749027573721e+01,1.117128522621868036e+01,-1.690181417933352748e+00,-5.459077079501210850e-02,1.203470368496987675e+01
4.859738103077079074e+01,9.978497743816451049e+00,-1.717210874000947740e+00,-5.369584012624141478e-02,1.203413477210152394e+01
4.840597034255851128e+01,8.790468568812505268e+00,-1.743795131725876857e+00,-5.281558045204075291e-02,1.203357518567362661e+01
4.818331777598078247e+01,7.607951580471396191e+00,-1.769941571038917472e+00,-5.194975126430238788e-02,1.203302477279373051e+01
4.793009141960508401e+01,6.431657259191388754e+00,-1.795657447574702026e+00,-5.109811599767449808e-02,1.203248338307580312e+01
4.764696333305905540e+01,5.262254078143343783e+00,-1.820949894849398287e+00,-5.026044196492572558e-02,1.203195086859914653e+01
4.733460791264771217e+01,4.100369902330983862e+00,-1.845825926396547079e+00,-4.943650029336957297e-02,1.203142708386802084e+01
4.699370038323234411e+01,2.946593389157558196e+00,-1.870292437862026036e+00,-4.862606586233074457e-02,1.203091188577181825e+01
4.662491540996839490e+01,1.801475385213825886e+00,-1.894356209059068652e+00,-4.782891724163677860e-02,1.203040513354605423e+01
4.622892582363874681e+01,6.655303145861817260e-01,-1.918023905984255650e+00,-4.704483663111811570e-02,1.202990668873382063e+01
4.580640145347601333e+01,-4.607624454759951527e-01,-1.941302082795349548e+00,-4.627360980109977012e-02,1.202941641514802029e+01
4.535800806153905995e+01,-1.576957205195953504e+00,-1.964197183751837050e+00,-4.551502603386860940e-02,1.202893417883411686e+01
4.488440637289208013e+01,-2.682640622410910058e+00,-1.986715545119001280e+00,-4.476887806610028303e-02,1.202845984803355961e+01
4.438625119602620828e+01,-3.777430384999548529e+00,-2.008863397036339205e+00,-4.403496203222980604e-02,1.202799329314775889e+01
4.386419062816245429e+01,-4.860973917988736126e+00,-2.030646865351101837e+00,-4.331307740875062900e-02,1.202753438670271890e+01
4.331886534027739089e+01,-5.932947117378031265e+00,-2.052071973417723072e+00,-4.260302695942686652e-02,1.202708300331415003e+01
4.275090793689864910e+01,-6.993053112396821369e+00,-2.073144643863874759e+00,-4.190461668140348789e-02,1.202663901965325621e+01
4.216094238592399535e+01,-8.041021057614139878e+00,-2.093870700323868572e+00,-4.121765575220017602e-02,1.202620231441303744e+01
4.154958351392411942e+01,-9.076604956053232698e+00,-2.114255869140115429e+00,-4.054195647757393578e-02,1.202577276827512520e+01
