6.000000000000000000e+00,0.000000000000000000e+00,1.562981419696414687e+00,0.000000000000000000e+00,1.200000000000000000e+01
6.005624057557211515e+00,1.238879378474331716e+00,1.572756695601392751e+00,3.767522376041304577e-02,1.277794837901620895e+01
5.990318963490074644e+00,2.518283022664097537e+00,1.592768352260648834e+00,3.776763961942798675e-02,1.281238233924915804e+01
5.948923217631776339e+00,3.789781547111582327e+00,1.614529255230806148e+00,4.475034653880841096e-02,1.263156387537206982e+01
5.878968872219101804e+00,5.042255713258803951e+00,1.639076792062441168e+00,4.962700157383780064e-02,1.245759057579029871e+01
5.778395858960961640e+00,6.278654668269778583e+00,1.664962991395427583e+00,5.099533341937627362e-02,1.235275596452217783e+01
5.646531055949506772e+00,7.504793204715283217e+00,1.690819264528386601e+00,5.010026952368552833e-02,1.231210785155968424e+01
5.483685936310630282e+00,8.725094257478014370e+00,1.715947451124078871e+00,4.832035341681070739e-02,1.231091347802664870e+01
5.290681920218943901e+00,9.941655320009502361e+00,1.740158937156569330e+00,4.646532462540091390e-02,1.232520221618044687e+01
5.068580427740701388e+00,1.115464513427978943e+01,1.763478725854291440e+00,4.473247119659580495e-02,1.233847374141199538e+01
4.818622706119310095e+00,1.236306748342383877e+01,1.785895066705237788e+00,4.287661446967280798e-02,1.234210327559131670e+01
4.542334900865889757e+00,1.356548513351518714e+01,1.807200089994860148e+00,4.041101067345412301e-02,1.233339661313075197e+01
4.241735536152980046e+00,1.476057120551926616e+01,1.826916952147463746e+00,3.676387576335073126e-02,1.231322508378035963e+01
3.919587248821347014e+00,1.594747858913685334e+01,1.844281314207113720e+00,3.134539439706304775e-02,1.228406483447191988e+01
3.579672417623466441e+00,1.712606759317534255e+01,1.858221869483273503e+00,2.348360090241839032e-02,1.224867683283378739e+01
3.227138334505597506e+00,1.829705111714008581e+01,1.867274519268778965e+00,1.223108463378666001e-02,1.220939320071192924e+01
2.868959789364223134e+00,1.946210030588165552e+01,1.869545089367476542e+00,-3.249963711934191098e-03,1.216790974433176231e+01
2.514255982395660727e+00,2.062381791856530455e+01,1.863125628231599329e+00,-2.226425072065454924e-02,1.212536385955586482e+01
2.174018933585418978e+00,2.178515902634221035e+01,1.846701353661855061e+00,-4.322157042739943611e-02,1.207800417968162776e+01
1.860666589924417913e+00,2.294760671633101623e+01,1.819684003685806406e+00,-6.498732015140409879e-02,1.200155332425928023e+01
1.587952618089088608e+00,2.411512618890279214e+01,1.777592457916994828e+00,-1.040141011641589064e-01,1.197916904728286980e+01
1.375388413879620408e+00,2.529457687117886167e+01,1.718054443756613647e+00,-1.345389765008529748e-01,1.199341741679339535e+01
1.238840930446994504e+00,2.648679560597852856e+01,1.652049194468561799e+00,-1.293202217321397229e-01,1.201119603164530858e+01
1.180088914169457492e+00,2.768690467970335689e+01,1.587423757003813662e+00,-1.287601218275684356e-01,1.202391294996975546e+01
1.199310886882800409e+00,2.888894294980954669e+01,1.521831288469555066e+00,-1.329974500045184860e-01,1.202423691357680724e+01
1.298604803513532691e+00,3.008636202338634646e+01,1.453839492226286723e+00,-1.383651202373727129e-01,1.201097077692536530e+01
1.480202290924161446e+00,3.127213792916291268e+01,1.383433945873220328e+00,-1.429493372846095400e-01,1.198600186014783731e+01
1.745318093464165665e+00,3.243936559755647409e+01,1.311195849234488398e+00,-1.462125650851305025e-01,1.195835041500022555e+01
2.093947478670292295e+00,3.358155940220437685e+01,1.237708062156273714e+00,-1.485436892028944855e-01,1.193132209725063220e+01
2.525138896879910444e+00,3.469251947278913661e+01,1.163251114329326485e+00,-1.506605234467210674e-01,1.190826342585254594e+01
3.037499011781857217e+00,3.576620919638243379e+01,1.087603983399285656e+00,-1.537621865416737010e-01,1.189087636786335267e+01
3.629697386281662830e+00,3.679623447270608949e+01,1.009988630737220117e+00,-1.588497138569798517e-01,1.187767322660905833e+01
4.300432723674591173e+00,3.777534978380804631e+01,9.299691551867307338e-01,-1.636240601672435402e-01,1.186515330495620901e+01
5.047180672336113894e+00,3.869594290804541004e+01,8.484884017403786505e-01,-1.650242379761431011e-01,1.184899315769434125e+01
5.865553620285798075e+00,3.955189923438044275e+01,7.674241801791261697e-01,-1.622863526055158545e-01,1.184204942466462285e+01
6.749772096858315251e+00,4.033922615456049954e+01,6.878216750643538768e-01,-1.593031878421842518e-01,1.184310549250142941e+01
7.693440490188033110e+00,4.105453809880886951e+01,6.096155893843577811e-01,-1.566916601726402181e-01,1.184567753360796161e+01
8.689919408754306573e+00,4.169472429068035524e+01,5.326960616456809516e-01,-1.541229444321050301e-01,1.184820741010619116e+01
9.732518801851822943e+00,4.225722936420866205e+01,4.570415163979543727e-01,-1.515963387856771039e-01,1.185069581321919685e+01
1.081458423545614345e+01,4.274010239365308905e+01,3.826307644099319338e-01,-1.491111529039447492e-01,1.185314342283855282e+01
1.192954369731032571e+01,4.314196519353439641e+01,3.094429944330370774e-01,-1.466667077743717684e-01,1.185555090771004672e+01
1.307094901381314145e+01,4.346197858204185138e+01,2.374577652059882971e-01,-1.442623355157755805e-01,1.185791892561643124e+01
1.423251207317454714e+01,4.369980721122385603e+01,1.666549976907029385e-01,-1.418973791958448583e-01,1.186024812355713820e+01
1.540813608763618880e+01,4.385558350325771926e+01,9.701496753016672359e-02,-1.395711926516506052e-01,1.186253913792506154e+01
1.659194215675690387e+01,4.392987117002139996e+01,2.851829771941830766e-02,-1.372831403130990446e-01,1.186479259468039160e+01
1.777829141488508213e+01,4.392362873381759414e+01,-3.885404851876281956e-02,-1.350325970292777511e-01,1.186700910952169608e+01
1.896180305998727889e+01,4.383817341091742037e+01,-1.051207746614659377e-01,-1.328189478976503357e-01,1.186918928805412321e+01
2.013736856892482407e+01,4.367514566694382694e+01,-1.703002576241664789e-01,-1.306415880960494491e-01,1.187133372595486946e+01
2.130016240695304219e+01,4.343647470422552459e+01,-2.344105543173929940e-01,-1.284999227174256353e-01,1.187344300913592932e+01
2.244564953747978464e+01,4.312434509624140588e+01,-2.974694080284374098e-01,-1.263933666073040196e-01,1.187551771390419830e+01
2.356959003270702269e+01,4.274116474317342096e+01,-3.594942546346723278e-01,-1.243213442039055316e-01,1.187755840711887600e+01
2.466804107736776785e+01,4.228953428535869818e+01,-4.205022286547275279e-01,-1.222832893808907528e-01,1.187956564634643541e+01
2.573735664696635439e+01,4.177221807798152042e+01,-4.805101691434852107e-01,-1.202786452926794813e-01,1.188153998001289224e+01
2.677418512927085814e+01,4.119211680053838620e+01,-5.395346254365692706e-01,-1.183068642223077116e-01,1.188348194755365839e+01
2.777546514376574649e+01,4.055224174827003480e+01,-5.975918627497449620e-01,-1.163674074317780360e-01,1.188539207956097954e+01
2.873841979876362984e+01,3.985569082969021792e+01,-6.546978676383925499e-01,-1.144597450148636397e-01,1.188727089792883262e+01
2.965479951470617692e+01,3.902884012441089823e+01,-8.673603375659183490e-01,-6.458441457510173400e-01,1.284572301380061887e+01
3.029840420235920817e+01,3.784728486396716818e+01,-1.270069478162120458e+00,-5.992613737405345642e-01,1.424637901562944720e+01
3.048844974740687164e+01,3.634891193116131802e+01,-1.583017908044629163e+00,-3.239775183148004278e-01,1.608463279424678305e+01
3.031411640482750158e+01,3.470726494683733421e+01,-1.749480756778874380e+00,-1.531770751205432102e-01,1.697129522342705243e+01
2.992666612207856147e+01,3.305040195934247294e+01,-1.848136080043514040e+00,-1.247248052034332366e-01,1.707375488752389359e+01
2.939227027422140637e+01,3.144987771035053470e+01,-1.939020848219562776e+00,-1.337061994683224342e-01,1.668549581576345631e+01
2.873321774242441506e+01,2.995140252567872352e+01,-2.031766476071898087e+00,-1.379601470402724017e-01,1.606629678855059851e+01
2.797168402576553703e+01,2.857670463279193740e+01,-2.121270407903263600e+00,-1.350732454154395523e-01,1.537493322666990281e+01
2.713078814674211259e+01,2.732619382655029483e+01,-2.203362197107866294e+00,-1.261940259806001163e-01,1.477243215250713604e+01
2.623063916935646134e+01,2.618895417782709245e+01,-2.276166226259439540e+00,-1.147559968830092342e-01,1.424143933218313052e+01
2.528624055335486531e+01,2.515004149775908004e+01,-2.339849286921996896e+00,-1.031809713396937972e-01,1.384339518719127682e+01
2.430718862440114592e+01,2.419428114052468004e+01,-2.395631480973806404e+00,-9.287673700825731238e-02,1.352451423874891745e+01
2.329971553366663173e+01,2.330928337686476226e+01,-2.445314496879835264e+00,-8.541152004336337311e-02,1.329781280869071480e+01
2.226669804056512803e+01,2.248537832298327999e+01,-2.490928522997229333e+00,-8.077864717515013948e-02,1.313131851516527604e+01
2.120746072369631463e+01,2.171489154214546602e+01,-2.534313022046855046e+00,-7.871698282995058527e-02,1.306717534648039347e+01
2.012049087620371068e+01,2.099340774227950135e+01,-2.576870029870105938e+00,-7.837194781917526665e-02,1.302726258094721246e+01
1.900692119937247426e+01,2.032088270408010899e+01,-2.619940972878659124e+00,-8.106083828803668789e-02,1.299264519057600253e+01
1.786750215344607895e+01,1.969910562569861412e+01,-2.664444157808723901e+00,-8.401061338822531088e-02,1.297010205014104400e+01
1.670272851388775948e+01,1.913017650927235991e+01,-2.710183248817052970e+00,-8.584822813140176312e-02,1.295803678423765248e+01
1.551239498582444654e+01,1.861496275532167743e+01,-2.755824332927060194e+00,-8.355059636689120273e-02,1.298521817671695544e+01
1.430005144806326456e+01,1.815381615324617925e+01,-2.800191970519825713e+00,-8.113801393605059309e-02,1.295863705795110832e+01
1.307022832190916439e+01,1.774690904984671747e+01,-2.843979445107568615e+00,-8.161967188548645280e-02,1.295125644104696150e+01
1.182617716834155175e+01,1.739325125847731357e+01,-2.883978085073820363e+00,-6.733700701053008109e-02,1.291733670905817633e+01
1.057413528567260563e+01,1.708779203408769476e+01,-2.920928989676641052e+00,-7.080647905581180512e-02,1.285942191698086035e+01
9.316351646637674122e+00,1.683182575718713636e+01,-2.961763511831382534e+00,-8.241889749101052876e-02,1.281365699696792859e+01
8.051916369034740839e+00,1.663144072545774321e+01,-3.007823952827193281e+00,-9.076592090085675024e-02,1.279290909088308936e+01
6.781442705047965980e+00,1.649115860662882582e+01,-3.055106488444288892e+00,-8.726631888058422604e-02,1.277337202255311155e+01
5.506219655637168309e+00,1.641025178475825896e+01,-3.101317543459161108e+00,-8.680916811058569937e-02,1.278464296377909193e+01
4.226086121803874107e+00,1.638800904104029144e+01,-3.146931977711041828e+00,-8.469213718891482889e-02,1.282411227769002338e+01
2.942152617716391916e+00,1.642117217218236291e+01,-3.185793301848484749e+00,-6.106749026526350765e-02,1.286474136861111717e+01
1.657131318436246170e+00,1.649795822273229007e+01,-3.215932640331059300e+00,-5.179873909477673843e-02,1.288250192689885765e+01
3.742883626822350873e-01,1.661059245774055526e+01,-3.241805565878709938e+00,-4.508140655505496475e-02,1.287377935431495857e+01
-9.060605358390660946e-01,1.675527787275688851e+01,-3.266703849716218411e+00,-4.810290390833775465e-02,1.289684693376860025e+01
-2.183987772691921680e+00,1.693482189021663231e+01,-3.297245292232031222e+00,-6.597760369997697494e-02,1.291372256063692703e+01
-3.454858537970894705e+00,1.715971868771302056e+01,-3.338066445938375981e+00,-8.635718650647747352e-02,1.290040275859472274e+01
-4.710298163059112753e+00,1.743970776701162606e+01,-3.383857843161490742e+00,-8.501051476258808526e-02,1.282749398038064470e+01
-5.943223579384773636e+00,1.777249350905446335e+01,-3.425408312346773343e+00,-7.165532728676984875e-02,1.271530310243574036e+01
-7.151168374610150202e+00,1.814829269588040361e+01,-3.459986648273126519e+00,-6.003787242844563915e-02,1.258699098309920927e+01
-8.336194552132718982e+00,1.855861674953814244e+01,-3.489193408184055656e+00,-5.222680126852186078e-02,1.249499226211565883e+01
-9.505582088404452179e+00,1.899958950721063289e+01,-3.514677750827643887e+00,-4.609951403653831520e-02,1.250107735049602198e+01
-1.066119300337065923e+01,1.946875040566863291e+01,-3.540466752741568079e+00,-5.360871121993673188e-02,1.244394044027368906e+01
-1.178899124593586301e+01,1.996529288616526898e+01,-3.574368868888611939e+00,-7.903905923124816824e-02,1.220259339381018648e+01
-1.286797703811038751e+01,2.049401962438303570e+01,-3.623248311990261428e+00,-1.168063823777894250e-01,1.183113600355768114e+01
-1.388216555181139711e+01,2.106589078660656256e+01,-3.690294948430546285e+00,-1.594640134408566168e-01,1.145940713057737526e+01
-1.482171792767413798e+01,2.169446205141872497e+01,-3.775410985212711346e+00,-2.000169238691069939e-01,1.115592129956177558e+01
-1.567840751087352480e+01,2.239164016494926202e+01,-3.876869744040400523e+00,-2.361198951687983050e-01,1.094404906850732928e+01
-1.644232059334285267e+01,2.316579272908193587e+01,-3.992968464592110855e+00,-2.678291668276652771e-01,1.082018915279996207e+01
-1.710002363715970475e+01,2.402070569765111685e+01,-4.122607376110286381e+00,-2.963207543599102878e-01,1.076758949842310287e+01
-1.763405691098416384e+01,2.495452948229682733e+01,-4.265395213790974083e+00,-3.230770323658840870e-01,1.076551736321314223e+01
-1.802348326729343242e+01,2.595847925577657733e+01,-4.421523222044569046e+00,-3.493326072859117004e-01,1.079302199230467707e+01
-1.824552604928899413e+01,2.701546900472889945e+01,-4.591327979960082573e+00,-3.749997081623641648e-01,1.083415982982228343e+01
-1.827922801694346688e+01,2.809906572286659454e+01,-4.772693458373772124e+00,-3.913648458443775846e-01,1.087800022359842345e+01
-1.811377064520223001e+01,2.917464912031858049e+01,-4.956501829690509453e+00,-3.816773238228067244e-01,1.091737229876266468e+01
-1.775654006496198889e+01,3.020640001680597564e+01,-5.133203534903760357e+00,-3.620308102816384155e-01,1.094794607540662312e+01
-1.722586525917008515e+01,3.116345047621564035e+01,-5.303629380001267712e+00,-3.560958789655461754e-01,1.096519286105569080e+01
