6.000000000000000000e+00,0.000000000000000000e+00,1.562981419696414687e+00,0.000000000000000000e+00,1.200000000000000000e+01
6.005937685158668771e+00,1.201042409615169726e+00,1.571594356765511291e+00,3.459067154331956634e-02,1.202122094023356169e+01
5.993927584577008361e+00,2.403868262918503973e+00,1.590528544256204713e+00,4.133425636223864164e-02,1.203685485351232032e+01
5.957840859141494860e+00,3.607556759696102677e+00,1.610925166743925940e+00,4.035933696063374876e-02,1.204814899281830876e+01
5.897563479323721047e+00,4.811237218779180758e+00,1.630561459479938247e+00,3.822975417282779842e-02,1.205601400285460301e+01
5.814246153097058389e+00,6.014197139847882845e+00,1.649158582575728893e+00,3.616406372203648245e-02,1.206116874146078644e+01
5.709184181177740847e+00,7.215865792384864363e+00,1.666653548976416488e+00,3.380076829121957116e-02,1.206419288827192560e+01
5.583882024939282651e+00,8.415815226211988076e+00,1.682765923893293714e+00,3.062713783435251635e-02,1.206554618747836471e+01
5.440315203723542048e+00,9.613789529525739397e+00,1.697015100608393778e+00,2.635139660168070441e-02,1.206558312117658005e+01
5.281097124508944418e+00,1.080973837315315933e+01,1.708828091734885035e+00,2.089128162293080529e-02,1.206457208803022141e+01
5.109528401613696147e+00,1.200383643879015771e+01,1.717621653273991855e+00,1.428298969656838745e-02,1.206271882490743508e+01
4.929574683656317013e+00,1.319648066245321161e+01,1.722845729554187910e+00,6.618326335301927613e-03,1.206019080955708134e+01
4.745810758882774927e+00,1.438826278751065679e+01,1.724006841769151199e+00,-1.971836767516567911e-03,1.205713917764033738e+01
4.563343297569386614e+00,1.557991605252917289e+01,1.720691172944515790e+00,-1.130152042982709992e-02,1.205371525594716431e+01
4.387704434720921753e+00,1.677223535495131301e+01,1.712599096735858195e+00,-2.109937327746429572e-02,1.205007949301990777e+01
4.224697873119571234e+00,1.796597290834630201e+01,1.699595120208447607e+00,-3.097719542859605699e-02,1.204640149673980076e+01
4.080175966863888171e+00,1.916171754229224788e+01,1.681772546567096294e+00,-4.040329798577749904e-02,1.204285134640129584e+01
3.959727078434860381e+00,2.035977493541821914e+01,1.659530517225078272e+00,-4.868144020172599645e-02,1.203958423289445179e+01
3.868255459563367804e+00,2.156007632761205528e+01,1.633661289419092943e+00,-5.493334847095432405e-02,1.203672216383300508e+01
3.809440629093402197e+00,2.276215139087890549e+01,1.605446243150090213e+00,-5.808275127541147331e-02,1.203433715274281823e+01
3.785070100263575821e+00,2.396520216074691589e+01,1.576758957682169893e+00,-5.684113190544155814e-02,1.203243979111184458e+01
3.794248001272368498e+00,2.516830253262955708e+01,1.550172151651803665e+00,-4.969886487837563843e-02,1.203097670739190761e+01
3.833278633946309633e+00,2.637069009601701808e+01,1.527095334518500325e+00,-4.280681382741508695e-02,1.202997502073176506e+01
3.898015878797871814e+00,2.757189153110249435e+01,1.507350143986236457e+00,-3.636437837690224134e-02,1.202930871535374635e+01
3.984549089433195856e+00,2.877167102105396523e+01,1.490757916477177147e+00,-3.017780206267253740e-02,1.202888769664053825e+01
4.089156364840420110e+00,2.996998094480577279e+01,1.477172373249087567e+00,-2.431440933310189192e-02,1.202864024617034389e+01
4.208325126362582047e+00,3.116691481895279736e+01,1.466401658382311624e+00,-1.889207928381833254e-02,1.202850750498808452e+01
4.338809021575036340e+00,3.236266060463768923e+01,1.458214833202475136e+00,-1.395163589998179264e-02,1.202844262736184433e+01
4.477651150156150450e+00,3.355746148168655196e+01,1.452377734371123275e+00,-9.466641105028889697e-03,1.202840995573279770e+01
4.622170858092908396e+00,3.475158695863066782e+01,1.448673635027815543e+00,-5.394548146989227959e-03,1.202838337337449204e+01
4.769939339135811807e+00,3.594531199538013766e+01,1.446902749306879121e+00,-1.710529959803488119e-03,1.202834435290120396e+01
4.918763346977113926e+00,3.713890085672677799e+01,1.446871911369352226e+00,1.586805016582981892e-03,1.202828018828493484e+01
5.066681628343568278e+00,3.833259403445595126e+01,1.448385599040713512e+00,4.486435194665137731e-03,1.202818256887445969e+01
5.211968919943221756e+00,3.952659822317996685e+01,1.451243222500448349e+00,6.978984627538664838e-03,1.202804645741637302e+01
5.353139947491289519e+00,4.072107991234994984e+01,1.455242198940717380e+00,9.065838370926521811e-03,1.202786919695701329e+01
5.488948142283282650e+00,4.191616282776642777e+01,1.460183890866896927e+00,1.076148227914270651e-02,1.202764980337710554e+01
5.618377405630118560e+00,4.311192882300332485e+01,1.465879483128500249e+00,1.209088944404361661e-02,1.202738843064690855e+01
5.740628065744261654e+00,4.430842135546185290e+01,1.472154047440196178e+00,1.308484288470516087e-02,1.202708600139277095e+01
5.855099458382460931e+00,4.550565054845064594e+01,1.478848349065153611e+00,1.377554475847268291e-02,1.202674398302483283e+01
5.961371528644849427e+00,4.670359897504347657e+01,1.485818844039159536e+00,1.419374515015001288e-02,1.202636427466548241e+01
6.059187079016199462e+00,4.790222755228825946e+01,1.492936676867251844e+00,1.436760490120006679e-02,1.202594916288181537e+01
6.148435345598510793e+00,4.910148117875742457e+01,1.500086438821487844e+00,1.432287594756332695e-02,1.202550130729700228e+01
6.229136841558060134e+00,5.030129392092872109e+01,1.507165183208919679e+00,1.408375638268104073e-02,1.202502372750404547e+01
6.301429011839219108e+00,5.150159364773301007e+01,1.514081889050155283e+00,1.367383927886197358e-02,1.202451977544120965e+01
6.365552176416859886e+00,5.270230605210721109e+01,1.520757325719981345e+00,1.311677762087679229e-02,1.202399308847749637e+01
6.421835393096118949e+00,5.390335801432032525e+01,1.527124139253339452e+00,1.243651370086554415e-02,1.202344752583971044e+01
6.470682117958092228e+00,5.510468027670143698e+01,1.533126949791911553e+00,1.165709885803102759e-02,1.202288709447821446e+01
6.512555778560142450e+00,5.630620942291695741e+01,1.538722288201140875e+00,1.080223186947253632e-02,1.202231587094822629e+01
6.547965540146716279e+00,5.750788918636122560e+01,1.543878271820473991e+00,9.894675952392640791e-03,1.202173792467896618e+01
6.577452617618543051e+00,5.870967114532124498e+01,1.548573994372925089e+00,8.955695502527180954e-03,1.202115724625738835e+01
6.601577475219786884e+00,5.991151489040502298e+01,1.552798664113319349e+00,8.004608547003853533e-03,1.202057768279192018e+01
6.620908187526475253e+00,6.111338776756192459e+01,1.556550559369370479e+00,7.058499998967546034e-03,1.202000288135208805e+01
6.636010139173985856e+00,6.231526430633289948e+01,1.559835882293142628e+00,6.132097817705884323e-03,1.201943624089891571e+01
6.647437142476110061e+00,6.351712543893215468e+01,1.562667585472504284e+00,5.237785581410949777e-03,1.201888087287387208e+01
6.655723969005244101e+00,6.471895760414776078e+01,1.565064229434554699e+00,4.385711558842088527e-03,1.201833957051607271e+01
6.661380231707747512e+00,6.592075181407109596e+01,1.567048908880257052e+00,3.583953338876919980e-03,1.201781478689117932e+01
6.664885519178285200e+00,6.712250274415968931e+01,1.568648266815105830e+00,2.838704107447767317e-03,1.201730862147308443e+01
6.666685669362337308e+00,6.832420789016953222e+01,1.569891601506141487e+00,2.154457383712127423e-03,1.201682281491625304e+01
6.667190069926046014e+00,6.952586682030803900e+01,1.570810062366689186e+00,1.534177960251512486e-03,1.201635875142413923e+01
6.666769880321932185e+00,7.072748053813130298e+01,1.571435926991244347e+00,9.794557071639154854e-04,1.201591746790085224e+01
6.665757080805006396e+00,7.192905096137216958e+01,1.571801951374224515e+00,4.906447909912225406e-04,1.201549966890568300e+01
6.664444262688722809e+00,7.313058051392494008e+01,1.571940787328023559e+00,6.699368098410759175e-05,1.201510574633423190e+01
6.663085080159764750e+00,7.433207182240757049e+01,1.571884463878870708e+00,-2.932283667092277406e-04,1.201473580272813635e+01
6.661895286681359885e+00,7.553352750482666522e+01,1.571663931926382984e+00,-5.926039979177254819e-04,1.201438967715992945e+01
6.661054279107536225e+00,7.673495003663443015e+01,1.571308673092262298e+00,-8.344374137019769117e-04,1.201406697273143465e+01
6.660707071314909022e+00,7.793634167863530138e+01,1.570846374234907472e+00,-1.022621007003578089e-03,1.201376708484681188e+01
6.660966617729076944e+00,7.913770445151723720e+01,1.570302668647011624e+00,-1.161500832528333587e-03,1.201348922955585863e+01
6.661916406664986745e+00,8.033904014298268237e+01,1.569700943742330157e+00,-1.255743944595680674e-03,1.201323247139813688e+01
6.663613244635794075e+00,8.154035033526376708e+01,1.569062213410032047e+00,-1.310211125882642129e-03,1.201299575030383693e+01
6.666090156029389036e+00,8.274163644297553333e+01,1.568405051495232794e+00,-1.329838410198256942e-03,1.201277790721914585e+01
6.669359327764250445e+00,8.394289975355250988e+01,1.567745581313827685e+00,-1.319530240475873988e-03,1.201257770821956328e+01
6.673415035409188789e+00,8.514414146474177869e+01,1.567097514901622413e+00,-1.284066288066520447e-03,1.201239386695408129e+01
6.678236495321566935e+00,8.634536271564135745e+01,1.566472234914941142e+00,-1.228023063998338275e-03,1.201222506532732481e+01
6.683790596107316517e+00,8.754656460948727670e+01,1.565878911749050806e+00,-1.155710610660990421e-03,1.201206997237666485e+01
6.690034471640486480e+00,8.874774822775306404e+01,1.565324648474094138e+00,-1.071123858879486409e-03,1.201192726133940170e+01
6.696917886584067503e+00,8.994891463612921712e+01,1.564814646526783815e+00,-9.779077104028837363e-04,1.201179562493158315e+01
6.704385413513914038e+00,9.115006488361494519e+01,1.564352385650166433e+00,-8.793345628950755563e-04,1.201167378887819481e+01
6.712378388156436060e+00,9.235119999632445342e+01,1.563939812257927997e+00,-7.782928129063925718e-04,1.201156052374490457e+01
6.720836635796445080e+00,9.355232096773930550e+01,1.563577531141894683e+00,-6.772848192567573799e-04,1.201145465512642829e+01
6.729699967558922857e+00,9.475342874708121599e+01,1.563264996186499944e+00,-5.784328493800991672e-04,1.201135507224779175e+01
6.738909450038593540e+00,9.595452422729513842e+01,1.563000696463732186e+00,-4.834916322944690171e-04,1.201126073503369796e+01
6.748408455702261222e+00,9.715560823386746847e+01,1.562782334732862211e+00,-3.938662772040945714e-04,1.201117067969968133e+01
6.758143504700047544e+00,9.835668151540153303e+01,1.562606995949521016e+00,-3.106344644481041158e-04,1.201108402291762900e+01
6.768064911279905616e+00,9.955774473656626355e+01,1.562471303896989738e+00,-2.345719570740349203e-04,1.201099996460954600e+01
6.778127249988249226e+00,1.007587984737469782e+02,1.562371564495957710e+00,-1.661806006631751890e-04,1.201091778942747368e+01
6.788289658328729992e+00,1.019598432134784218e+02,1.562303894741744248e+00,-1.057180635673094768e-04,1.201083686698473585e+01
6.798515993590827478e+00,1.031608793535365578e+02,1.562264336578907287e+00,-5.322861337696107236e-05,1.201075665091573086e+01
6.808774862176607101e+00,1.043619072064140170e+02,1.562248955371490444e+00,-8.574232794811767743e-06,1.201067667685651585e+01
6.819039539953653417e+00,1.055629270048023045e+02,1.562253922976493570e+00,2.853463294241740576e-05,1.201059655945750748e+01
6.829287801940974845e+00,1.067639389086487398e+02,1.562275585780155351e+00,5.850940420686638794e-05,1.201051598856156133e+01
6.839501678996230183e+00,1.079649430133425341e+02,1.562310518396502257e+00,8.185542967284496014e-05,1.201043472470323437e+01
6.849667158148514012e+00,1.091659393586027278e+02,1.562355564024698662e+00,9.914631840489782782e-05,1.201035259410718581e+01
6.859773841885410839e+00,1.103669279376862420e+02,1.562407862676530756e+00,1.110008696386267094e-04,1.201026948338324729e+01
6.869814580176906382e+00,1.115679087065931583e+02,1.562464868583983479e+00,1.180626682134406708e-04,1.201018533412864286e+01
6.879785087450635217e+00,1.127688815930165163e+02,1.562524358069005803e+00,1.209821656497082936e-04,1.201010013765347040e+01
6.889683555262213766e+00,1.139698465048535496e+02,1.562584429031481426e+00,1.204009200829360952e-04,1.201001393003949858e+01
6.899510270111060883e+00,1.151708033381611500e+02,1.562643493056694144e+00,1.169377000736606043e-04,1.200992678772417932e+01
6.909267244714848211e+00,1.163717519844973936e+02,1.562700261054739581e+00,1.111763901002911075e-04,1.200983882376937473e+01
6.918957869941707806e+00,1.175726923376399355e+02,1.562753723405392314e+00,1.036560052871823113e-04,1.200975018492917812e+01
6.928586593302398455e+00,1.187736242997108604e+02,1.562803125824574257e+00,9.486348280241862563e-05,1.200966104957374370e+01
6.938158628228212166e+00,1.199745477867697190e+02,1.562847942541173873e+00,8.523007995484556908e-05,1.200957162646070486e+01
6.947679696224620116e+00,1.211754627339569055e+02,1.562887848734907381e+00,7.513200361554686570e-05,1.200948215427669652e+01
6.957155801529179229e+00,1.223763691002825027e+02,1.562922694326633888e+00,6.489521229354130191e-05,1.200939290180440366e+01
6.966593035524044630e+00,1.235772668731578392e+02,1.562952480893407436e+00,5.480316745682703406e-05,1.200930416851183224e+01
6.975997406532997047e+00,1.247781560727549248e+02,1.562977342515555312e+00,4.510488009407789052e-05,1.200921628531578733e+01
6.985374690564168709e+00,1.259790367562504798e+02,1.562997529773325622e+00,3.601951808488032346e-05,1.200912961524624833e+01
6.994730300588023475e+00,1.271799090219638657e+02,1.563013394319396898e+00,2.773411033808243002e-05,1.200904455373508029e+01
7.004069175828838034e+00,1.283807730133385974e+02,1.563025370321474261e+00,2.039326181761372782e-05,1.200896152827330354e+01
7.013395696925275757e+00,1.295816289226567335e+02,1.563033949520078236e+00,1.408377661379730060e-05,1.200888099722434532e+01
7.022713635488964101e+00,1.307824769943336207e+02,1.563039649010305121e+00,8.820790304702516295e-06,1.200880344764350838e+01
7.032026145522341842e+00,1.319833175276341990e+02,1.563042974553340514e+00,4.543667664534822345e-06,1.200872939203063083e+01
7.041335798380372601e+00,1.331841508786919803e+02,1.563044386182648626e+00,1.129321289564456371e-06,1.200865936402886902e+01
7.050644652833884862e+00,1.343849774617927437e+02,1.563044275970230546e+00,-1.572242941794369709e-06,1.200859391316877733e+01
7.059954339571810067e+00,1.355857977499927358e+02,1.563042967558563978e+00,-3.686001887871582623e-06,1.200853359883903337e+01
7.069266132465224395e+00,1.367866122752177489e+02,1.563040737229491217e+00,-5.277285712020184913e-06,1.200847898373589118e+01
7.078580990106749127e+00,1.379874216279310133e+02,1.563037837391847651e+00,-6.376684411807490658e-06,1.200843062709888542e+01
7.087899579764873614e+00,1.391882264562702574e+02,1.563034499719359038e+00,-7.036921621427544003e-06,1.200838907807723999e+01
7.097222311164780528e+00,1.403890274644714964e+02,1.563030918460343921e+00,-7.355667338338907663e-06,1.200835486958848719e+01
7.106549393048394947e+00,1.415898254105448473e+02,1.563027232568725111e+00,-7.457462945376538238e-06,1.200832851302794424e+01
7.115880904433197429e+00,1.427906211033661918e+02,1.563023520207625916e+00,-7.462072349316626481e-06,1.200831049416598617e+01
7.125216863105976017e+00,1.439914153994529613e+02,1.563019808764569030e+00,-7.453790360027706738e-06,1.200830127053205842e+01
